2000
405 57
80 415
1719 188
944 175
775 138
1016 196
191 29
588 69
273 1974
145 1307
1995 386
546 100
222 1325
62 455
149 1302
811 112
275 1376
66 343
1808 186
1044 107
109 971
791 103
1064 186
285 1800
118 1036
1164 206
38 226
97 815
1973 375
201 1403
807 139
33 284
896 122
191 1557
187 1257
226 1954
39 382
1910 278
121 767
678 86
127 1119
1979 326
197 1285
1037 171
177 19
271 1763
166 863
49 344
1793 210
91 712
446 57
1117 144
29 254
126 733
1744 191
994 184
238 1301
22 161
1388 259
645 124
159 1528
19 1
49 8
453 72
1129 125
230 28
96 920
178 1590
1926 332
53 484
34 207
195 1644
244 1269
992 182
188 1147
100 719
571 90
1196 149
111 729
13 105
476 52
156 1020
1760 257
136 930
42 213
277 1776
157 803
179 986
1646 310
118 1043
34 273
94 894
901 133
1609 255
102 942
320 1956
186 1130
308 1558
276 1606
1089 197
810 82
120 838
81 690
1807 319
244 1500
1518 252
178 1757
250 1416
687 96
86 828
866 102
1775 204
296 32
162 943
68 6
1734 219
1972 295
228 1871
165 865
1460 189
196 19
1873 211
1109 216
87 839
74 396
596 95
1581 298
216 1096
923 182
654 87
950 105
1199 216
145 17
1919 328
46 7
355 1847
921 133
186 25
109 17
595 62
246 2000
188 1207
1872 267
93 664
357 1883
245 1333
531 84
1952 317
487 74
467 61
367 1906
1571 157
33 244
1671 273
235 1650
1432 196
203 1141
7 75
82 426
1351 185
483 69
144 1023
229 1397
213 1299
27 176
1316 158
44 381
1398 198
208 37
309 1699
1608 212
200 1525
1421 175
51 374
34 214
1994 251
1698 206
1929 287
54 306
37 305
303 1656
150 1448
715 113
1624 254
25 129
157 800
97 11
72 11
98 567
63 529
207 1378
757 99
1679 317
512 67
225 29
17 3
1430 164
349 39
139 1188
55 462
1610 316
1822 328
228 1439
1280 164
1592 276
171 33
52 271
792 139
1105 207
188 1617
625 119
105 781
49 494
1882 287
1526 225
198 1139
1960 373
235 1691
1261 127
952 175
254 1513
122 934
1127 225
123 685
691 97
160 1469
256 1522
37 277
1911 250
141 708
276 1831
109 882
11 114
744 94
23 159
1240 194
778 142
1071 187
1970 267
958 157
182 1771
189 1495
1297 187
276 1787
190 1717
319 1915
85 823
76 406
273 1853
1961 332
1613 202
675 77
95 750
423 64
28 261
24 134
276 1778
98 566
578 84
1784 263
304 1611
218 1642
293 51
298 1751
20 133
198 1837
170 1582
1420 235
308 1921
263 1727
1939 281
1274 133
1909 295
714 72
337 1934
32 4
933 174
107 817
378 1992
86 601
358 1830
185 1491
1913 367
176 1059
2 27
143 1180
1000 117
796 121
227 1454
1769 201
235 1290
359 65
1406 261
162 844
239 1689
141 836
163 1260
19 106
53 491
465 81
981 168
20 131
184 1786
967 156
331 57
94 724
46 301
144 762
204 1600
408 52
488 74
1707 325
429 54
126 799
89 659
1556 293
73 433
200 30
1840 346
215 1661
1521 275
213 1258
65 368
770 83
1920 372
979 167
640 106
1086 150
138 899
655 122
1335 234
237 1959
1 3
1553 224
201 1417
256 1983
1079 180
71 461
279 1869
115 16
360 35
21 152
1653 173
1195 120
187 1085
24 3
200 1519
1101 152
349 1750
57 424
175 1025
772 99
53 508
161 1140
123 758
3 39
1246 177
178 1061
1497 187
561 76
271 1890
1848 350
133 973
8 79
790 128
53 499
1024 193
205 1546
120 671
1696 205
137 870
270 1472
230 1747
755 128
97 627
534 70
90 902
97 867
1013 202
1647 328
12 78
83 450
638 75
255 1607
39 290
164 19
217 1345
1065 197
67 592
187 1005
721 119
88 737
674 132
407 76
1330 158
212 1097
771 81
254 1640
266 1681
88 670
128 953
126 1165
37 190
1268 213
1855 203
46 317
177 1294
325 1897
1562 229
199 1604
34 323
243 1762
19 167
35 5
46 240
1102 117
164 1230
318 1716
827 97
181 1163
118 18
1686 285
1390 275
1053 171
885 128
1331 138
1543 223
233 1409
6 67
789 95
153 946
249 1826
56 481
1663 278
292 1577
88 636
213 1745
335 1814
922 181
158 1443
1379 153
42 372
1554 301
15 87
160 1106
179 937
1628 291
34 217
164 1627
71 632
9 80
1946 240
1288 145
198 1914
1337 260
692 106
63 413
168 893
134 990
1572 232
39 346
751 110
756 132
1735 274
324 1888
1825 359
746 100
227 1811
77 13
313 1573
1009 101
185 18
156 27
231 1281
14 94
505 100
220 1892
214 1457
153 802
180 1050
95 548
549 59
928 180
891 145
985 125
282 1568
144 1238
50 362
9 64
1496 240
41 270
140 742
36 182
148 1468
1467 263
157 987
1239 136
124 22
315 43
1923 344
665 80
652 70
1542 198
95 860
1273 170
367 66
620 82
65 435
55 471
301 1838
212 1341
1537 154
136 1063
188 1434
77 752
31 212
51 434
563 104
26 137
246 1370
1159 200
1536 291
41 272
1904 211
94 498
1447 214
98 587
359 1886
136 14
99 11
147 881
7 43
103 633
96 686
239 1283
8 61
1583 279
1753 247
173 925
1296 246
422 54
50 451
1425 183
199 28
325 1668
1438 168
314 38
232 1312
261 1658
1733 303
195 1493
199 1134
1228 197
732 139
121 776
1418 270
709 131
1002 139
1408 170
1328 213
551 104
190 1649
1352 182
583 74
252 1386
1049 174
134 1084
1160 213
153 1149
213 1347
439 69
312 1877
126 808
217 1479
261 1801
4 50
173 1584
1978 243
1823 266
123 24
773 147
243 1303
148 889
186 1693
1419 195
147 991
1173 158
86 607
684 101
307 1922
1828 194
256 1706
104 616
970 121
1516 175
384 65
1298 251
819 157
326 47
177 929
146 1212
32 275
105 609
128 17
153 840
420 69
259 40
103 646
140 1251
24 224
63 363
80 501
16 153
1126 178
1898 359
158 1279
89 610
67 345
216 1991
36 322
261 1709
39 206
540 61
169 1655
1176 179
430 68
1393 229
174 1275
470 84
1641 166
707 140
1980 262
1 10
49 321
198 36
1714 186
233 41
106 850
1506 161
191 965
463 79
378 56
1902 311
223 1245
579 73
1190 174
327 1712
213 1488
1505 260
64 340
229 1191
24 202
1241 212
978 147
19 169
49 253
161 1012
1318 171
77 545
603 120
223 44
1407 268
86 568
96 17
211 42
237 1732
229 27
1925 244
1114 176
53 518
278 1682
232 1887
85 448
1955 206
275 1878
90 544
797 154
73 8
528 66
59 369
1893 213
9 70
16 2
380 1917
16 98
660 128
22 117
1764 235
1205 197
163 957
1441 287
258 29
524 80
334 44
288 1941
428 62
1563 311
123 741
239 1324
64 473
190 1022
1768 252
895 105
222 1935
111 754
1168 118
15 143
615 73
1777 299
1320 247
13 82
105 826
980 140
203 1603
398 69
887 125
1179 160
1322 150
192 1295
56 511
1292 148
1894 326
1664 254
1152 130
1861 220
1792 246
204 1665
296 1881
75 673
279 46
681 115
281 1435
329 56
129 1107
10 65
1816 182
252 1314
862 92
949 123
164 1092
1332 181
100 798
644 89
589 115
1660 194
184 1718
1315 175
1255 156
96 614
2 20
12 122
786 122
1094 127
100 16
51 10
4 23
385 44
717 124
515 54
1943 319
1742 284
1996 208
108 666
311 59
195 1143
228 1756
203 1673
1812 350
1278 252
79 604
200 1145
227 1631
821 153
89 669
172 1342
963 176
102 718
1210 155
1867 363
612 111
1927 231
67 410
383 70
130 1183
163 1437
1595 234
348 40
214 1632
17 165
208 1670
152 1356
726 119
516 87
166 842
2 28
425 77
559 96
1588 297
1090 183
1651 197
205 1362
1932 349
52 400
44 8
173 1492
324 34
332 1850
56 560
1004 193
656 110
1565 257
235 1938
496 62
139 704
409 76
868 127
134 1099
1263 216
28 179
145 1215
220 1517
1473 267
785 109
172 961
135 853
178 1076
80 694
822 144
230 1722
59 5
1713 191
1306 253
13 1
537 53
341 1834
135 1033
207 1311
196 1798
52 266
173 1175
361 39
236 33
107 1047
879 152
1851 232
683 69
238 1694
267 45
180 1116
174 1484
274 1512
1384 241
155 27
49 338
129 1072
222 1262
238 1424
233 1859
541 101
227 1514
558 93
1032 162
224 1662
6 33
1329 138
1690 329
1373 268
1078 179
341 38
126 25
553 77
1218 153
156 993
478 69
298 1618
1889 259
1567 245
58 552
857 121
50 310
213 1702
254 1489
1788 194
304 42
1598 177
193 1055
59 297
1365 249
217 1401
73 440
127 1123
1193 216
35 220
52 10
1162 181
677 91
175 1222
1884 312
1440 259
86 9
235 32
1459 272
135 878
368 1982
351 1827
13 81
170 1502
66 503
1527 198
126 854
1697 298
65 366
82 818
181 1739
38 264
188 21
1253 241
124 1138
466 73
68 376
725 108
364 1945
841 113
1794 318
155 1237
1003 122
112 13
1339 250
275 1540
1462 244
143 1387
330 58
46 289
168 1256
93 814
161 1548
201 1874
574 86
1782 223
231 1601
1515 175
1478 178
243 1597
30 172
1254 189
108 954
490 51
171 956
1358 162
1456 213
302 49
649 65
97 924
386 72
157 1038
185 1220
132 735
624 77
24 170
69 626
1667 253
1635 276
244 1247
10 62
1477 159
165 1208
81 449
572 93
375 46
1912 337
1721 257
1629 270
213 1684
142 1399
1530 296
209 1209
1575 192
1880 341
72 594
695 126
1361 215
883 148
1987 359
296 1824
60 10
4 36
1317 133
1083 136
92 18
163 947
63 623
982 107
180 28
108 745
90 8
292 1593
1144 162
1779 310
1045 202
1761 186
150 29
69 401
97 576
15 157
235 1789
38 222
266 1844
139 779
1790 180
174 1481
236 1535
706 97
833 163
68 352
328 42
904 128
852 133
197 1464
285 48
663 86
1916 373
6 1
220 1754
1111 112
1060 188
232 1510
74 9
290 1616
20 130
1862 291
855 152
138 713
1248 196
48 294
1396 171
1211 225
107 21
62 417
241 1385
279 1767
315 1785
197 1476
43 309
1899 247
85 459
680 102
305 1971
1885 331
932 114
482 87
93 570
117 864
181 1006
443 83
96 876
106 809
162 890
3 31
113 908
1964 217
190 1041
1975 286
621 81
236 1685
98 698
14 1
222 1524
907 114
1962 387
351 53
988 124
182 1791
843 127
141 1391
1066 212
351 1903
479 57
442 63
1058 142
38 232
1334 168
40 204
49 392
532 93
80 412
121 716
1669 318
995 145
1194 230
382 1936
1841 304
1547 201
114 1088
249 1949
77 523
8 89
128 701
243 1368
191 1423
26 262
1455 165
1429 241
33 325
104 648
1810 300
243 1293
672 133
316 1710
265 36
202 1466
20 113
1360 229
18 3
335 47
184 1080
211 1323
1354 184
333 1857
247 1340
550 96
411 73
1833 237
187 28
542 100
130 1018
152 1192
267 1482
57 517
331 1711
60 312
174 20
1091 116
181 1030
164 1216
1151 174
172 1465
123 1095
29 2
1988 329
144 21
768 153
38 242
359 1804
149 16
91 11
120 15
325 1818
45 8
137 697
816 105
299 43
150 805
919 111
175 1450
297 1990
1422 143
1802 236
3 25
106 703
349 1901
200 1223
1100 193
95 585
12 1
185 1051
206 1124
59 522
166 880
52 357
1113 179
220 1809
321 1839
1948 263
217 1289
63 502
120 764
1 7
397 69
218 1507
1985 248
530 92
1008 104
282 1578
1523 223
1276 181
100 637
936 167
33 288
1509 181
1057 122
1392 198
280 1623
474 86
77 477
38 268
149 984
61 342
1773 325
185 1534
444 54
331 1924
1017 196
181 1442
282 55
197 1433
1232 204
1596 211
268 1375
257 1414
241 1394
39 197
1854 239
33 298
27 183
1940 243
294 1471
358 67
136 830
825 85
1772 302
831 122
328 1703
251 1286
283 1639
1657 224
9 76
582 75
255 1688
295 1743
379 57
47 380
1569 281
187 1197
575 112
112 586
51 373
1958 213
49 249
1034 174
1532 227
243 34
1338 174
9 71
128 1093
84 13
188 1264
347 44
176 1136
181 1533
39 391
55 469
631 118
13 127
318 51
155 1426
203 39
194 1327
125 806
1133 156
42 281
31 295
1321 141
56 307
205 1539
193 1172
8 1
837 149
148 21
618 83
257 46
194 1389
1313 158
1965 313
1755 258
54 283
1900 300
1039 201
88 504
1626 300
211 1400
472 50
212 1866
657 72
94 514
1781 270
89 651
736 77
13 102
174 1470
68 598
251 50
191 1849
1042 193
152 1511
1704 201
1353 229
88 564
1968 291
812 83
266 1381
369 1966
643 84
268 1463
123 1198
157 1300
26 269
363 1817
139 1070
951 154
856 86
1171 152
154 832
14 110
1480 173
1621 263
70 497
1234 202
26 209
1986 199
111 940
1967 391
32 168
205 1336
176 1178
208 1560
1001 196
489 77
168 1308
1015 193
194 25
152 1475
966 126
143 845
1310 233
1453 255
774 82
1077 207
204 1040
97 795
157 886
1780 249
225 1683
590 85
116 1074
35 234
303 49
215 1182
179 964
1766 243
255 1461
209 1944
1813 319
485 48
300 59
136 915
223 1231
1933 303
3 38
274 34
1977 389
468 78
28 245
79 419
147 1054
159 1371
74 458
260 1382
1214 225
1498 276
1282 245
28 146
21 2
1087 152
52 427
101 526
1619 272
64 464
165 1026
241 35
945 171
1586 174
1795 314
13 108
221 1411
926 123
1487 185
527 64
146 1125
261 1620
1224 164
168 1243
1675 279
135 738
91 728
148 1181
1148 166
279 1796
763 121
1740 303
59 492
1052 126
1622 174
780 136
4 47
96 580
53 5
130 783
242 1326
85 9
941 114
66 421
153 996
56 5
132 13
216 27
21 111
156 1120
848 140
748 107
1687 239
17 160
1242 241
103 543
1029 132
1404 270
13 119
186 1659
222 1835
1082 144
184 976
1319 242
1115 185
162 871
89 562
257 1942
1860 340
260 40
178 1359
270 1395
699 115
255 1304
1993 322
189 1010
239 40
74 495
7 63
137 1221
639 99
1110 176
93 555
432 57
108 591
244 1561
1836 264
92 539
137 794
273 1412
237 1201
111 914
337 1765
213 1856
1186 141
1842 368
276 28
394 54
237 40
197 1187
250 1708
120 918
166 1367
281 1413
116 647
1724 319
232 1170
183 1227
141 999
31 263
45 250
1633 184
91 688
1730 269
325 1930
52 287
189 1564
150 782
1918 358
67 402
150 1062
1068 165
525 88
69 454
628 115
8 57
1019 129
1625 199
910 147
1305 154
5 26
1374 231
253 1344
166 1559
874 174
163 1121
7 54
29 292
676 111
51 447
820 135
45 337
121 622
216 1494
62 313
256 40
1674 175
247 27
187 960
1233 170
235 1865
1580 251
38 215
13 140
1131 203
252 1614
68 617
1715 177
861 171
1372 224
1758 224
1156 217
44 339
569 95
1452 226
209 1879
28 192
393 77
739 120
1637 171
108 892
19 178
304 1832
460 45
156 1098
1576 202
162 939
157 1267
227 1752
12 66
1383 145
171 1585
938 176
1680 236
1177 232
42 7
1587 240
269 1529
285 1891
190 968
846 120
245 1870
116 23
65 475
247 1981
1895 240
244 1444
84 436
260 1377
78 702
1599 278
1446 221
1158 157
94 513
1244 243
138 25
1369 257
148 743
1252 241
12 69
4 41
40 6
1235 227
164 1284
192 1169
235 1405
166 911
139 974
145 927
1549 240
1132 166
931 108
261 1349
115 935
900 103
79 661
1591 220
248 1638
183 1200
117 916
88 441
480 91
507 86
208 1431
178 1415
629 67
187 1204
161 912
126 906
80 769
154 884
152 1474
68 658
1287 178
734 140
1579 233
414 82
102 573
275 1531
93 12
14 139
104 765
793 129
1692 276
184 1021
1951 232
104 17
983 180
1225 167
84 740
196 1566
835 102
1508 204
975 178
634 87
177 1277
43 389
308 36
1729 327
696 125
158 27
1167 162
248 1574
175 27
1458 250
270 1589
278 44
90 642
66 584
176 1250
221 1863
824 94
34 201
317 1672
1229 196
1634 245
1953 207
154 1067
506 61
140 711
12 125
209 1266
191 1155
95 606
452 71
319 60
1845 270
184 1541
138 759
278 1648
36 238
122 689
1545 235
4 48
176 1652
1852 350
897 94
252 25
1746 298
9 1
247 1612
302 1725
1741 186
535 82
121 21
326 1676
577 109
21 219
205 1799
201 1213
667 127
286 1997
82 493
68 445
359 1875
151 813
1366 266
147 16
1774 308
519 81
227 1552
159 1346
605 84
898 154
277 1947
22 221
457 67
43 418
222 1259
851 138
635 126
390 59
1490 251
194 1265
175 1544
118 972
350 50
107 693
313 1805
1726 206
1555 251
1128 117
162 18
48 280
135 16
787 83
267 1858
139 989
69 438
998 168
268 1445
4 1
248 47
83 760
356 58
316 62
1815 250
1570 294
100 509
377 1937
180 997
30 189
1048 200
123 872
5 1
1184 204
1615 311
387 77
377 49
103 597
16 151
194 1846
371 1931
1011 119
80 437
1343 167
700 85
130 873
1271 199
727 128
138 753
122 875
158 959
1142 193
263 1427
1666 276
1436 208
154 917
486 89
246 39
10 101
47 286
3 37
187 1449
313 1636
229 1843
149 1056
19 163
102 600
1957 342
213 1759
108 1027
1035 138
720 124
143 1226
208 1728
722 112
1645 263
272 1989
314 1820
193 26
1483 223
161 1451
25 218
105 962
319 1896
399 44
1998 357
1806 355
403 76
252 1678
538 102
557 89
1907 251
45 365
1520 303
903 166
130 1046
147 849
1081 119
761 90
909 158
123 682
388 59
73 602
231 31
186 1380
230 1203
34 3
847 93
1174 127
1 11
1122 181
115 650
114 668
117 1146
154 24
1797 277
205 1501
26 227
203 1157
83 16
888 93
1272 211
240 1950
593 103
259 1594
95 10
1749 266
416 79
749 128
10 58
1701 301
87 653
1908 362
613 116
133 784
1219 189
1402 175
24 173
88 15
1112 193
679 128
1550 267
1350 228
59 364
78 520
33 166
90 565
219 1700
354 49
32 184
255 47
30 5
54 547
24 141
1605 194
326 1731
1905 258
241 1249
83 804
332 46
1976 234
1643 186
1028 123
1428 258
242 1783
205 1984
766 80
245 1538
859 164
159 1217
184 1503
955 138
109 723
181 30
10 103
456 46
322 1928
599 93
777 104
148 1189
1723 229
1504 236
70 662
162 1291
69 371
1602 268
201 1485
1166 213
1738 173
141 1357
1202 204
1206 201
257 1551
38 333
255 1829
128 1118
858 103
210 38
67 630
120 731
1150 145
157 877
510 84
1103 125
55 6
641 88
246 1348
1355 140
97 608
581 84
95 536
1363 200
243 1736
205 31
4 22
152 1236
38 195
710 114
1069 135
266 1677
1876 251
91 521
270 1963
91 556
1135 215
162 829
61 320
131 788
291 38
1137 216
70 533
1654 301
1821 345
123 905
61 431
129 747
284 1705
1630 208
268 1410
869 115
43 228
217 1864
395 63
159 1486
1695 176
1185 223
619 63
105 801
1748 236
195 1007
203 1031
353 62
354 1969
1154 133
78 404
1737 340
195 1073
88 500
198 1075
1819 289
109 1014
15 1
116 913
1309 210
346 1803
336 49
1499 186
1 2
142 18
51 327
180 1108
948 142
1270 131
101 611
98 730
96 834
66 554
1770 304
1868 330
1364 194
121 977
355 57
48 370
282 1999
1153 173
155 969
1720 243
119 705
1161 203
202 1104