10000
10 8756
2574 4
2 2740
9526 14
12 6225
1 1745
13 6883
18 9170
7532 13
2 1458
3 2929
2472 2
11 8646
5442 9
2 1140
8995 12
12 9497
9954 9
3358 3
8246 12
6 3249
5114 7
5762 7
5 2748
2775 5
5 3486
1 467
8 6499
7950 8
9048 16
3 1658
8648 8
8253 10
18 9849
8315 14
7728 15
6405 6
6070 11
2 1329
2 2715
9 8722
15 9947
9004 11
3 1707
7 5127
2 2832
7 7370
2320 4
8959 9
8936 8
3 3096
12 8230
8 4660
2 1276
6033 12
5973 10
9 4955
8435 11
5327 5
3 2677
2 1408
7311 9
6268 9
6 4758
6 4302
3 3642
1058 2
2 1407
7756 14
9384 12
7 5358
3537 3
5 5861
8635 15
3408 6
16 9533
6977 7
2 2507
338 1
1273 2
8067 9
3 1830
2192 2
2267 3
187 1
4591 8
2 1548
1 1141
10 8944
7965 13
4011 4
1505 3
1 744
7 5002
9858 13
8485 14
15 7580
1 950
4 2678
18 9816
2596 2
9217 12
9116 14
8 5274
8 6929
5773 10
5251 9
7495 11
10 7461
5 2752
2971 4
9914 17
2 1090
3449 3
2177 3
10 8449
9 4641
2586 4
6641 12
18 9112
5599 11
5972 7
11 7995
2 1655
14 8473
8401 14
4922 4
4 3565
6784 11
7 3569
6 6796
8 5175
6357 10
7624 14
4580 9
8510 8
7 3998
1798 2
1 1994
7767 11
7 7299
7578 13
2 1011
4760 5
9 9910
15 8637
5474 10
2709 3
9251 17
8 6354
13 7407
1 288
9302 11
1497 1
6908 12
12 6576
2 1127
7209 8
3 2423
3804 3
14 7315
16 9345
7 6689
9579 14
2300 3
4416 8
9 9584
18 9044
5802 7
2 2102
10 8418
2 1821
3653 6
9743 13
1 806
7 5330
5 2935
1 818
7720 15
5659 5
12 6694
7 4103
669 1
16 8495
9 7288
2166 3
5 3836
4 2049
135 1
4134 4
416 1
9 5177
2 1943
9266 10
748 1
11 6844
4 2137
9907 16
1 905
5 4331
93 1
7 4916
3768 3
7679 8
3420 4
6435 12
9425 17
421 1
6118 10
8395 14
8 7859
11 9335
9 6339
7 5425
17 8579
1 105
1 157
11 6864
8729 9
5 3235
6440 6
10 5075
4 3033
5 3853
14 7178
7829 13
4624 7
4 3239
1 1138
4 2502
8 5204
4379 4
1 16
5 2703
5107 7
4974 5
17 8855
6 3254
8 6737
13 7474
5 3588
9 5977
8134 8
5710 6
1 86
9 7966
1 1243
3 3879
1623 2
9556 13
4028 6
7395 14
1168 1
6 4575
4170 6
5287 7
2 1073
5728 10
4 2429
9 5257
7681 11
6988 7
632 1
5322 5
1 398
13 8351
971 1
8 5975
3 3384
1242 2
1 740
8 4332
9 6718
9 8129
10 5030
1228 1
5267 5
3421 4
2 1388
4888 9
8286 12
11 8366
9 5244
189 1
3852 5
1 868
13 6842
9365 12
8872 15
8061 12
11 8130
2927 4
1 832
1437 1
9748 13
12 9032
8 4759
5 2686
3 1963
8 5887
81 1
13 8847
2 2583
1 722
11 5737
12 7960
7790 10
6838 11
6248 10
8269 8
7 6291
8 4233
4395 4
2 2784
6724 8
4887 4
12 9250
1 446
13 9695
7547 7
9147 11
1800 2
9587 18
13 7711
5 2717
9165 9
14 7551
10 7264
15 8499
6952 7
6 6365
334 1
9149 12
14 8463
7 5420
8515 12
8818 10
8289 15
3189 5
3046 6
69 1
5188 10
10 8867
8402 9
1098 2
1 377
9 9297
8 5652
3 1912
2630 4
5689 5
767 1
4 3467
5725 11
3767 4
12 6160
4 3066
4077 4
3041 5
1 940
7 3581
4729 7
2903 3
7 4894
1 1295
8778 13
1 1531
4241 7
1 1878
7093 8
8467 8
2202 4
5904 5
2 1435
10 5779
6 3784
6819 9
7 6472
2 1996
5443 8
572 1
7255 14
3435 5
3343 4
8 5454
2 1779
4 2163
102 1
5 2612
1854 1
1 1432
5 4067
10 5828
6 4504
7541 10
6540 10
1972 3
3 3156
7 5506
10 5697
4 4592
8512 17
8657 13
5027 10
8566 8
3009 5
2234 4
224 1
7 3724
4905 7
8881 10
4105 7
12 8925
7222 10
9 5406
2525 3
6 3167
1888 1
5611 9
3 3785
8346 14
622 1
7 7979
9923 13
8 4093
6616 9
826 1
2000 3
5908 9
8848 12
5 5915
17 8775
1 985
10 6069
5 5408
9760 16
2624 2
2 1471
2 2435
7613 12
8543 12
2576 3
1824 2
4891 4
5563 10
13 6734
5265 7
3102 6
8 5436
14 7218
8 7229
7939 7
16 9267
9778 14
7 4324
8109 13
11 8545
7714 15
1257 1
8735 17
3 2518
7 7539
6332 11
2315 4
12 9435
2129 4
16 8224
1 1719
8 5376
1 1259
994 1
2079 3
785 1
9 5649
12 7064
1 556
3142 6
3 1587
4582 5
7103 9
3 2158
3158 5
2 2443
5 3505
10 5687
14 7163
7866 14
18 9789
6829 8
1739 2
789 1
11 5787
4492 7
2 1842
1238 1
4 3025
3 1741
4 2866
3561 3
7479 11
3201 5
1 1201
1 781
3732 5
5123 6
6 4271
598 1
8 7031
6205 10
1014 2
9 9682
13 6567
3 1631
9212 16
2 1641
5459 8
5109 5
7529 9
8239 12
19 9675
2067 3
4762 9
831 1
645 1
7870 8
5356 10
2242 3
6598 11
11 7925
1061 1
8434 8
1 113
11 6539
1 924
7 6122
7789 12
9810 9
8075 10
3 1703
1429 1
3 3106
8849 9
9221 15
1 655
310 1
7 6053
7408 11
3 2180
4194 7
2 1204
13 8100
2 2433
4911 7
8879 12
11 7194
5390 10
5032 10
9113 15
9 7286
1846 2
1 660
454 1
4003 4
7 5371
4277 5
4012 8
8 5989
3 2679
4942 6
4420 4
3 1778
7313 8
4 2342
10 6040
4 3461
7450 7
2 1376
1454 2
1 549
14 7884
5822 7
8 4276
3 3412
1 1316
1 1081
1129 1
3 2279
7 7726
9219 11
6 4159
4 2431
5160 6
10 7021
9 5460
1675 1
3567 6
7905 10
16 9561
6788 11
11 7815
5 2655
8330 16
9082 9
5132 6
1 152
4794 7
9 7188
9635 15
5189 6
7 4619
5518 9
6 6915
4409 4
8 6671
9 7081
8196 15
6719 8
6 3426
1743 1
2 2319
8611 15
9192 17
1507 2
6807 6
9899 17
11 8083
8898 16
8 1
4 2299
11 5885
12 9488
5142 5
7793 14
11 7453
2 1161
8121 10
9979 15
8335 10
6108 12
5587 8
2 2837
3 1567
2 1633
12 7888
1 404
9 5896
5 2894
3 3577
3868 7
4234 4
3 3733
7739 10
8152 14
5387 7
7 6438
1 1852
7 7691
2411 2
4 3355
8124 14
7560 15
7893 13
4 3573
2548 3
6850 10
6097 8
6 4292
1094 1
2641 5
1 689
2569 3
1687 3
4860 9
4295 8
2458 4
6374 6
743 1
4020 7
8715 12
2 2990
963 1
6 5381
2265 3
3787 6
9 8960
5 2828
9 5742
6067 11
3 3757
3039 4
1498 2
1 1480
1146 1
6723 8
12 6398
9 8217
4390 7
5946 8
11 5948
9443 9
12 7382
9902 16
5372 10
6 6501
2387 3
2744 4
3379 5
4 4397
6 3873
9 7181
4 4055
16 8885
9386 13
8167 14
1132 1
49 1
8 7690
9442 12
13 7384
1156 1
11 8666
3 1906
13 8043
9095 14
8781 15
11 9059
431 1
8 5834
4463 4
4 2874
17 9772
5129 8
2 1151
9 4824
9 4825
11 6997
3363 3
17 9956
7853 15
3736 4
3 2941
1 161
2593 4
7 4326
7478 10
3 2241
1 188
11 6209
5495 10
9 5035
4340 8
19 9967
8276 16
13 8917
2983 4
5 5452
1 1776
8862 12
2228 3
9 8718
3579 6
8386 12
17 9671
2494 2
13 6772
264 1
9102 15
6073 7
8214 8
3030 3
8 8788
7763 10
6 4383
2 2536
7700 7
2032 3
8753 16
5881 5
3 3004
7 4728
6800 12
4 2203
9091 14
1770 2
9068 14
70 1
10 5090
2530 3
5462 6
54 1
719 1
6 6959
729 1
8 5131
1 597
4 4353
9716 16
2412 2
13 6965
1288 1
8151 15
5 3921
8616 17
1100 1
2359 2
5 3200
5726 7
3 3208
3271 4
1695 2
14 7512
7 4913
9 8978
8 4635
5104 9
7 4625
257 1
3310 6
8 7719
4 3621
13 8307
9795 15
3175 5
1 857
4 3845
7 7801
2258 3
12 6177
1 1447
12 8575
5521 7
6 4513
7 4562
3880 5
11 6708
8 5307
9 4778
13 7002
1 1881
9461 16
6956 11
9006 11
5465 7
6349 9
2 1767
8 4682
17 9624
111 1
11 7755
30 1
734 1
4970 4
6437 6
6188 9
3759 5
9658 19
4849 6
7348 11
16 8005
6 4754
591 1
2774 5
1 551
7848 14
6592 8
5859 6
8350 12
1 629
3919 3
10 8963
7396 11
5 4017
4165 5
9929 18
11 9937
1930 1
12 9467
1 732
593 1
12 6015
5182 6
1 172
1 163
4645 8
3 1642
3 2980
1651 2
1614 1
800 1
16 9311
6999 12
7 5665
2697 4
6038 8
7020 13
11 7741
10 5717
4 3074
16 9155
11 7168
1354 2
1 635
2733 3
8808 13
6 6264
4 2257
10 7953
3352 5
7 6187
7956 10
1543 1
4703 4
8826 11
1305 2
6250 7
7 4631
4546 9
9191 11
6835 9
1 910
2 1280
8870 13
9 9229
12 6051
5596 6
5 3823
6 5850
9 6140
2 1736
10 5614
8916 8
6379 8
1 198
3 1825
15 9401
9 6786
10 6789
5209 5
1 571
8 5738
27 1
5 2970
14 7840
5 5641
9576 16
9 5210
5 5644
2615 4
7 7183
9936 15
9996 17
2 1803
16 9223
6530 11
7722 9
4690 6
3848 6
8901 17
8181 14
1299 1
8013 13
9446 15
9563 11
683 1
15 7846
4 2188
7673 12
2148 3
8 4855
8 8721
1781 3
2 1035
10 6687
1 753
10 5830
1 425
5 3725
16 9726
18 9660
9 9056
1957 1
11 5905
7374 13
4058 4
5 5336
9 5240
13 6962
5 3688
8 5961
5 4151
5 5604
2912 3
10 6481
1 1324
3 2510
8 8738
2 1200
5 3511
18 9570
16 9253
6420 8
10 7993
8 6612
7 7047
4979 9
841 1
7792 7
8099 14
1 951
1 380
1466 1
9098 14
11 9459
17 9544
8097 8
5211 8
1344 1
16 9333
10 6271
11 9573
5475 5
4140 7
5481 10
6556 7
9119 10
2 2716
1659 2
3406 4
4 3141
3553 4
9 7090
7 7863
2 2438
1474 2
7 7602
6593 13
7 5074
7 4205
4095 7
6 6933
1153 1
4 2139
1 217
11 6969
5229 10
6115 9
9804 16
4493 5
5489 6
1 268
2 1207
1 1771
15 8045
8 4512
357 1
579 1
5897 8
4 2747
1 1357
6 4992
6672 11
6412 7
8370 8
1606 2
7202 12
3371 4
11 9986
8 7276
3 1626
4941 7
5351 7
6 3990
3660 6
19 9629
10 6036
7732 14
12 7594
4 4197
1 370
1 672
1 317
6 5925
7198 13
10 9513
1 89
8 4744
8333 9
9913 19
14 8830
3 2523
1 678
9 6237
5213 8
7983 7
5645 10
6602 12
1244 2
1398 1
2 1223
13 9519
9207 15
2698 3
9183 18
1 1268
2464 2
6601 6
4 4272
8 6014
13 8245
5306 5
1 203
2 1166
3985 6
2419 4
6 3411
5449 9
4829 5
6 3490
5400 7
7 4127
9490 13
8 7978
15 9360
1 503
3098 6
3 1
3954 4
6 6243
1179 2
3701 4
9120 10
8976 8
3687 6
9014 15
1 361
10 9620
10 7758
1 498
13 9220
12 9692
6618 9
10 9819
3 2965
2 2928
1 345
13 6729
9 6124
10 8309
3 1880
2567 3
6099 6
8060 9
4 3076
6 3897
3 2218
6 3366
8164 8
993 1
3 2432
1801 2
4473 4
3 3090
7 5969
3331 5
173 1
6 5976
19 9586
5601 11
6 4482
4 2607
9187 10
8328 8
581 1
5343 8
4687 6
1903 1
1 218
1 927
11 7586
17 8940
4 4634
2582 4
3 1585
1089 2
226 1
1 1476
17 9013
5 3891
12 8114
2 1282
6054 9
2656 2
10 8814
8746 13
12 9498
3196 4
6 3410
499 1
12 8843
5186 7
9 5393
1860 3
11 6417
6104 12
2 2097
4387 6
1 796
3 3619
1 882
10 9631
2 1337
8348 15
18 9312
6117 9
8777 15
11 6985
6843 12
2 1169
9 6756
6 3969
5655 10
1608 1
9070 11
4530 7
5575 5
4 3305
8 5605
9171 12
2335 2
14 7062
6803 11
1 483
13 8415
1199 2
4 2092
6373 12
3 2452
12 6854
2 1679
11 6767
6544 12
13 7676
9 8419
545 1
17 9495
9 5557
1 1790
6 5079
617 1
2070 4
5 4525
2 1102
2 2751
6139 8
4 3290
7 4948
7337 9
1078 1
5540 10
6554 13
7 4483
1402 2
6 4869
9557 13
9114 16
879 1
5 4125
1747 1
10 5993
3144 5
6659 13
8026 13
5 4448
989 1
3 3398
6192 8
5 3446
10 9254
430 1
7 3622
5446 5
1 1669
7595 10
489 1
2575 2
4405 8
5 4607
7 5625
9 6822
9589 13
8241 15
7 6321
5661 9
14 8527
6 3808
534 1
17 9287
7191 7
6390 7
565 1
2364 3
1847 2
9839 19
14 7747
3 3008
3721 3
1638 2
8 4298
8232 13
8 5115
1 1185
277 1
1053 2
3071 4
9 7561
7 4247
5076 9
3493 6
5126 8
8717 9
5497 7
5 3191
3442 3
5 5447
2 1336
12 8977
1764 3
7 4673
9463 13
5089 10
6 6393
4545 7
9745 15
9833 19
1079 2
4436 6
6 4269
6489 9
3 3498
3650 5
6 6011
6137 10
16 8012
17 9111
7161 10
9 6360
3656 5
9 7576
5702 8
518 1
699 1
4486 6
650 1
3 2116
177 1
9 4506
2799 2
8494 11
185 1
2 2354
6 4237
1 5
14 8517
3 2066
3661 5
6466 11
2459 2
4 3255
6 3163
1 836
5 5663
2 2176
9881 10
10 5308
6 6468
4644 7
4 3069
9 8265
7398 7
14 8484
1 314
4 2161
6 6324
8025 8
15 9646
9 8248
7589 12
15 8226
6 4393
8882 9
515 1
5 3245
535 1
6968 9
2555 5
1296 2
1 21
4 3982
9 8984
2816 3
4116 5
6804 8
1 250
6863 8
1361 2
3640 6
2 2453
11 6739
375 1
7 5785
11 9327
6944 10
7488 9
4 3878
1 260
6277 8
4396 4
5 4425
7 4865
2204 4
2096 2
1389 2
4909 5
9 5638
871 1
2 1230
1 73
5224 10
12 9551
4 3839
6 3744
774 1
10 5164
8562 14
2 2917
2497 3
8742 8
14 8924
9408 15
9479 13
7630 8
5 3851
3626 5
8 5628
15 9309
1 84
2601 4
8660 9
85 1
7026 13
684 1
4 4075
16 8731
13 8980
15 8822
10 5082
3127 5
2259 3
521 1
9 7748
7631 11
4 3699
7 4311
2 1460
1990 3
4904 7
7 3657
10 9681
1 525
3 1700
4 4429
3378 4
10 6534
2230 2
4752 8
10 8404
2 2901
2806 4
16 8125
8573 15
4 2430
3043 6
8145 11
19 9754
3287 5
1 207
6 3153
7724 11
11 6049
6269 9
3112 6
6001 8
11 9322
4898 9
9603 12
12 6960
2982 2
8 6103
10 5872
6 4002
8003 12
1665 2
9 5043
13 6834
3628 4
10 7000
3 3132
4320 7
16 8057
1472 2
966 1
7975 10
585 1
12 8895
5 3750
7 6761
12 7397
4496 6
4 2157
1 391
1 1231
4 4498
5 3000
10 8105
4147 6
4 3078
2 1373
9 8461
3451 6
7 6589
4101 7
3241 3
8296 13
2666 3
2056 2
2869 5
8 6387
8174 14
5 2785
16 9885
16 8332
16 8231
1 1002
14 9038
10 5137
6 4421
2807 3
1 687
7057 12
11 8941
8649 15
3 3350
1932 1
8 7037
4 2738
478 1
4556 8
8 7827
4111 7
2 2896
5 3665
11 8491
810 1
7 5668
3 2409
3 2652
16 8692
8 5936
9788 19
15 8858
9227 15
8 7577
7 4449
1595 2
8292 12
441 1
865 1
6752 6
2577 2
1660 2
9 4785
3391 5
8308 16
10 9853
576 1
3783 4
8103 11
1 1028
486 1
1 440
13 6557
9466 13
9801 16
17 9783
5812 11
1 463
9080 18
13 6717
5679 8
4 2661
2 1411
8 5222
703 1
2446 3
5066 7
5 2822
6773 7
5 2640
8 6946
9 4614
18 9962
6 3987
14 7110
14 1
1726 3
9 6441
6173 8
8981 9
3 3632
412 1
2 1069
3 2670
9104 16
1581 2
6429 7
5836 7
12 7799
6 4848
757 1
9012 12
846 1
1184 2
9213 15
5 4989
7 7242
4097 8
8594 15
6476 6
4775 9
11 6290
6457 7
10 5277
2113 2
8279 12
1294 1
1 899
10 5112
5820 6
5 3568
17 9980
331 1
14 7718
9176 15
7501 8
4 2558
4784 5
4 3230
8 7875
9 5468
7909 13
4 2078
3802 4
4 2605
8942 15
621 1
9 7270
3 1968
3263 4
1 754
7907 11
10 7659
9015 9
2052 2
11 8472
7261 10
4568 5
1459 2
2 1709
8007 16
1858 1
222 1
8052 12
11 7239
3 2042
5 2865
9888 17
7951 12
9 5011
7048 10
8 8414
2368 4
4434 8
3058 4
514 1
8 7300
5 2646
7 3875
4354 7
4 2118
4176 4
7520 10
542 1
8 8876
12 8373
8035 13
8 5699
1374 1
13 8207
12 6782
9 8920
2 1921
3782 3
3233 5
12 6611
9376 10
8081 8
4 2629
2035 4
7 7611
7426 11
929 1
5533 5
4 2473
9235 11
7007 9
7941 15
4323 6
107 1
16 9958
1 626
19 9756
6313 8
6 5526
9 6485
6367 9
5633 11
1 822
2212 4
7511 12
5391 7
5487 8
17 8551
8460 15
322 1
2 1891
7122 13
13 6877
2706 3
4454 4
2 1722
5423 9
612 1
8 8208
1 1289
1261 1
5 2657
6 4481
3187 3
6474 10
7780 11
7598 11
4 2063
6480 6
1 384
7 3601
14 9185
7481 13
5360 9
11 6939
6741 13
3460 4
13 8420
1 1063
4704 8
6632 10
8 4290
3256 6
3 1789
3 3647
11 7207
5 2952
3 2882
10 5471
8 5937
3051 6
7086 10
10 9417
2861 5
1085 1
7816 9
2 1729
5806 11
6 4554
170 1
5634 9
12 9865
5 4306
2700 4
5527 7
1 401
4757 9
6218 11
8 8644
3794 7
2924 2
7 3920
6150 6
6 6721
7 3942
2 2972
8110 10
3 2426
1 547
3362 6
3140 3
1 145
6 6450
8956 13
5003 6
1 1345
6157 6
3294 5
12 7179
12 6196
15 9371
3730 4
8937 16
1 1034
9 6673
8339 10
6 5922
14 8813
7 6092
7948 13
1 1328
1 1197
8127 8
4 2737
2 1249
12 7052
3150 5
9 7996
11 8443
3575 5
6 3643
3912 3
7459 7
1753 1
8 8364
7368 10
16 8682
2 1754
4 2349
3840 3
6 3166
5815 6
16 8388
5455 8
6315 12
393 1
1157 2
2136 4
8113 15
4050 5
8 5301
3334 3
4 3228
8 4040
6 4749
9449 10
4522 6
9746 19
1 1121
6075 12
9 8381
9 7236
2557 5
3105 5
8 4912
3747 3
9208 14
4544 8
17 9976
5283 7
4 2988
600 1
7931 7
9 6394
5 4509
2068 2
1 1616
5781 11
6 4314
7328 14
7034 7
1 229
4264 5
3 2114
6 3180
17 9820
8096 12
2 1206
9 6334
1 1285
2598 5
15 9214
13 6882
5 3425
3681 6
9 7441
2508 5
14 9445
3939 7
1 1283
9456 11
8 6980
8 8008
8 8034
6 6356
12 9284
8 4842
1045 2
1326 1
9 7485
1 1331
12 7705
8821 9
9166 11
1 646
4322 4
2681 2
11 7379
12 7937
6 3117
5354 5
10 7876
1 186
13 9518
12 8907
805 1
5395 8
4281 6
12 8762
4 2392
5919 5
3 3360
5 3917
2 2304
9 7157
6088 10
7 3800
1 1004
3002 3
2292 4
4230 4
3651 3
8023 15
1 459
1 1010
1 943
10 9815
6 6508
5 5411
1 1750
17 8975
18 9685
1 1395
756 1
8236 14
569 1
11 8865
2916 4
9809 15
9409 10
2 2966
7 4431
2893 3
1 1023
6 5640
8 5843
9 6404
6344 11
2 2486
14 9143
4588 9
8 7843
5921 11
5231 10
1 351
15 7599
1 824
1916 3
1 838
2362 2
3 3487
9528 15
9767 19
10 8996
19 9655
5 4243
5 4163
2022 2
647 1
707 1
7 6987
1444 1
5863 10
5 3992
2 2080
17 9383
4569 5
1 1678
16 8377
1482 2
4 4885
733 1
4 4742
4 3583
7 7847
3 1643
7 5814
7220 11
4309 7
15 8526
4 2945
7922 13
6 6307
4936 9
2704 4
8 5593
3133 3
3673 7
9 6813
9036 13
1697 3
8029 10
6899 10
1220 1
1 589
6 5236
9548 16
782 1
3 3549
8479 11
1 1025
14 8372
9721 15
759 1
12 6919
1 402
9 4991
5316 5
9 9697
2793 2
12 9893
4826 5
7572 7
6 4158
8908 10
594 1
9532 19
4089 6
1 949
9 6700
1 289
7076 10
9 4975
7 5295
10 8674
8 6825
1 1477
4968 7
2 1457
5868 9
5 4268
3 2899
42 1
296 1
1 708
4155 7
14 8143
12 6091
10 5769
4 4879
7392 14
9733 15
3762 5
8542 11
8 4119
876 1
9 6764
11 8068
1981 1
2 2885
8655 14
14 8596
3 3481
6151 6
1 261
8393 15
17 8525
5 4999
15 8824
1 765
2 1639
15 8077
7794 12
1786 3
3 2160
18 9542
8 5320
7 7401
7127 9
6348 9
9393 16
9 9696
175 1
4710 9
4 2285
12 6775
4 2727
1057 2
4667 6
3502 5
16 9931
4204 6
8 5712
3 1547
1412 1
5047 5
3 2069
2 1039
17 9324
1 1343
5318 5
9125 13
7001 9
6 4923
5 2830
4235 5
5658 11
1 90
8 6805
2 2545
6950 8
6 3697
8 8363
6504 9
2 1093
7 4052
5 5560
7030 7
552 1
5 4439
693 1
7 4464
3504 6
1211 2
7012 11
5525 5
14 9845
11 8899
3082 5
6889 9
2 2757
5508 5
10 9342
7125 14
17 8955
3706 5
8498 15
5 5943
6439 8
13 7653
2434 4
8720 13
183 1
1 247
6928 6
1236 1
7 5966
8 4112
6423 6
4 2702
3212 6
5 5803
3698 4
6222 6
7861 10
14 9380
653 1
12 8358
4 4120
5 5338
2153 3
7 5382
2 1799
9375 14
4225 6
6730 10
2 2942
4 4933
7151 14
3 1826
8506 10
14 9889
1105 2
1360 2
9 4501
5970 10
415 1
7482 13
1907 3
7554 9
2 2374
4938 4
9 9492
7035 9
2223 3
5 3286
2222 3
8 5350
11 7104
3630 4
2088 3
1938 1
3322 4
8 7944
8590 15
1321 1
4995 9
4 3424
9 6072
1080 2
3 3390
5 3677
1 122
11 7084
10 6101
6 6703
2 2622
5243 8
6769 11
8046 11
4648 5
5 4068
8 7171
1630 3
5944 6
1 627
14 9840
1 397
8676 11
4 4793
1 76
8170 9
1452 2
9 9961
2295 3
3634 3
3 3326
2889 4
3344 6
1 1270
1 878
23 1
8 8839
1 502
7664 13
3 2914
5790 5
18 9611
1 55
3299 6
6280 12
5337 5
12 6986
4534 5
2540 4
4620 8
2 2019
12 7004
3590 6
9 5120
2332 4
6 5952
3476 6
2 2792
12 7500
6312 7
1 147
8982 10
4629 4
4 2406
14 8090
2 1857
8040 14
1 1134
1 903
4026 5
14 7534
3765 4
16 8204
2798 4
7404 13
4365 4
9966 12
3663 4
7771 11
7105 8
14 8365
1150 2
6163 11
4781 6
1791 1
9387 11
893 1
6 6176
2 1250
4 4622
2568 5
3478 6
1 656
6 6920
12 7508
1 1396
8732 13
6916 7
5334 8
18 9373
4783 6
2321 2
4639 7
8371 9
9 9420
5766 11
12 7018
7389 10
828 1
5285 8
10 8166
3 2075
4376 8
8 4550
12 9041
6 3272
5 2512
1022 1
2528 4
10 5374
11 9262
14 7745
8 5130
7 4289
6171 12
10 6747
14 8244
2414 3
5 3572
1 981
9390 11
13 7515
3658 7
8798 9
1 1986
8 4131
2262 2
9 7612
8 7648
14 8969
7150 13
8 4174
4 2424
10 8064
7 6434
9000 10
11 6912
2143 2
500 1
11 8490
7637 10
4 4239
10 6510
9633 15
4871 5
4 4021
3 2214
577 1
9883 17
3786 6
72 1
7835 10
5983 8
2 2283
11 7787
7963 7
11 6754
1 411
6 3022
8 6059
941 1
9989 17
4712 5
8810 8
6 6759
6527 11
6680 7
2875 3
4 4092
2331 2
6519 10
1229 1
156 1
16 8437
5980 11
95 1
11 6106
2 1430
1 934
7537 8
3 1817
3293 6
1 1070
5 5311
8082 9
4013 5
3745 3
7 5805
2618 2
1115 2
1 1911
8 5021
1 344
1404 2
6355 7
2 1749
7259 9
3 1872
3 2255
5867 7
2632 2
12 9363
7323 14
5329 9
10 7430
12 9301
3593 4
2 2919
4250 7
5 4735
50 1
9 8451
4327 6
1662 3
3540 3
12 8345
3953 4
9473 17
9067 11
9 8262
3035 3
1 174
6 4511
1 912
5538 9
7712 8
7 6948
3169 3
14 9852
8318 10
475 1
8 5472
1392 1
15 8723
8819 15
1 201
1 697
6 4466
6823 9
16 8786
4188 8
1 1125
8801 11
9 6185
6260 12
10 7358
3615 4
13 6738
7556 9
2 2516
3148 4
9949 10
4959 6
13 6597
2 2249
1 339
6 6837
320 1
10 6514
9242 11
8827 11
281 1
7 6444
996 1
7123 12
8 8238
4 2040
6 4599
9 5039
4653 6
6295 9
4538 7
6 4445
7098 8
6 3095
2918 3
2 1575
12 8875
15 7897
2291 4
1716 2
8058 8
9 6588
1 1528
14 8398
3965 7
9448 9
1 1368
1513 2
228 1
9035 18
19 9999
4 2538
7019 13
234 1
2 2027
1 215
7428 12
7868 13
5798 10
507 1
7 4951
2028 3
11 7531
2591 4
1756 3
3 3016
3508 7
2388 2
2511 5
10 7045
2 1605
7 4630
4094 6
8779 10
9317 16
2366 3
8 4459
4 3401
1 1003
333 1
5403 10
6120 12
8774 8
5992 9
5 5150
14 9702
5 5106
8329 12
553 1
7256 10
9750 17
7077 14
16 8634
3 3947
6595 10
8 7176
3068 3
1 121
3496 4
6 4517
2949 4
12 7812
11 8565
7 4571
7144 11
13 7142
7865 14
4595 8
4 2809
9354 12
16 9357
8476 16
9 6424
1 957
4228 4
399 1
7371 12
8 4218
13 7298
5065 8
8 6500
2329 3
8 8144
3330 6
13 9987
8 8902
5569 9
3 2220
9 5522
5862 9
10 5845
1 772
2959 4
1850 1
7413 12
2521 3
6 6183
5519 5
769 1
4724 4
4 2750
6727 8
8 4661
3277 6
7121 14
12 9886
1064 2
3007 4
16 8702
8433 14
1 1171
3050 3
4359 8
1 236
9894 11
6 4708
9 6771
4 3470
4018 7
5073 5
5 5413
432 1
3 2353
1 44
13 8954
9331 18
9641 14
3246 5
4609 8
5059 9
409 1
8 7774
4 4369
3538 4
10 9738
3 3356
8852 13
9688 17
4854 8
4124 7
9915 15
2041 4
1 108
9184 10
7011 9
4 3316
2 1393
12 9973
1 1558
4 4850
9 7114
9346 12
2 1012
4005 7
9174 18
4 3841
7 5811
5 2590
3491 3
3548 5
9150 11
11 6638
4441 4
7 4713
1 1937
5292 7
3 2251
6 5242
6 4182
4 3940
9169 14
1577 2
13 8037
7989 10
14 9684
6870 8
14 9332
2375 3
8212 13
5 2610
7 4172
16 8764
8475 15
9179 17
6 4484
2611 2
1 946
17 9338
13 6746
1 1946
11 8709
2010 2
3024 5
7895 11
1 63
2154 2
4 4263
4584 6
4792 6
8468 12
1 870
13 8842
1832 2
3226 3
8053 15
2554 4
6359 12
1820 3
10 8107
5767 7
11 5715
14 7036
6244 7
7075 7
6039 12
7 4411
1967 3
3746 3
3 1515
1210 2
3695 6
10 5706
7 7356
7625 14
8128 10
2398 2
6817 10
9663 14
1 408
1 1152
9 6066
3887 4
2572 5
9349 17
12 6085
7 4741
1 487
4 3896
8679 14
8374 13
1 1277
2535 2
5 5232
575 1
8 6974
568 1
6 4408
5808 7
8123 8
303 1
2 2226
1 1356
4080 6
1 674
5632 9
6 3862
694 1
3 1988
259 1
5 2503
11 7293
1 1000
3 3514
7 6705
1688 2
1275 1
7416 8
14 7518
2 1496
6982 8
10 5774
15 7930
7603 9
6479 8
15 9245
3492 6
1 745
4 4423
1950 2
442 1
5556 11
4593 5
14 8270
6 3904
2 1489
6 6584
8615 12
2420 2
12 8909
15 8203
9238 10
624 1
979 1
6 5367
8480 8
8 4391
8104 11
8094 16
7266 14
4807 5
3 2911
6811 10
5974 6
3314 5
9255 18
3182 5
3 2313
3 1542
8752 11
5 5716
12 8044
3073 6
5539 6
5899 10
7894 8
5 3192
7 3776
8095 16
4864 9
5 3844
5 5342
6 6493
2 1568
6 5999
9 8410
4139 6
3 3532
1684 2
8838 17
1 960
2352 3
4 2932
1922 2
5720 10
14 9246
4 4902
7385 13
6895 7
7225 8
6 6458
1787 3
8496 9
492 1
3 2167
8 4057
1 980
11 6431
14 7615
5 4618
11 5647
3714 3
16 8465
7 6900
10 6273
8 4494
1 618
7 4232
13 9848
5480 10
2340 4
19 9826
8 4746
1 437
2 1255
14 9362
2817 2
4424 6
3978 6
1 7
7678 8
1438 2
9552 9
1 948
8519 8
4 2155
4373 5
4960 7
6286 11
1755 2
2 2466
5816 7
8459 12
1123 1
5191 10
5 4920
9 4701
7550 9
17 8706
14 7006
7082 14
15 8267
1434 1
3 3807
3091 3
1604 3
3 3850
5 2920
709 1
181 1
6 5172
4041 6
1955 3
3 2604
3 2287
4149 8
6 3178
1 57
3501 5
3692 5
9 8192
13 6848
4062 8
13 8390
248 1
1933 3
7130 7
6265 11
2439 4
88 1
676 1
6826 8
4 3719
9 8887
2471 3
786 1
2634 5
6 5771
1 1833
12 7514
2 2086
4223 7
4 2394
4 3824
8071 14
7 7688
628 1
15 8219
3162 6
9451 12
12 8444
3659 6
4 3466
10 7974
7305 10
9545 17
7509 11
8287 9
4 4969
8249 14
1 1823
323 1
9228 10
221 1
1032 2
1571 1
5 3288
4033 6
3690 7
9 6331
15 9275
2779 3
9506 13
1673 1
5096 9
13 7762
1 462
7634 14
7032 8
4705 5
6035 10
13 8522
7 5819
17 9602
896 1
12 8892
9744 14
6 6606
13 7120
3439 5
6381 8
53 1
10 8555
6847 12
3318 6
12 8578
3135 5
10 7904
2 1976
1495 1
9875 15
9472 14
306 1
1979 2
6678 11
1940 3
1 420
11 8225
2 1649
4 2408
8711 12
8796 14
8 8677
5009 7
7223 11
2635 5
6 3269
14 9884
763 1
11 9773
1 820
7938 10
15 7751
208 1
3914 5
4336 7
4 2225
3675 3
4946 7
2 2058
1 609
4342 7
1174 1
8 5275
12 8011
4 2867
6 5505
2 2083
7 6604
3728 4
1072 1
5 3915
4671 9
18 9198
3 2760
2 1517
3108 5
13 8586
6596 7
4702 6
1667 3
8784 15
9870 10
4 3433
8 5136
4152 7
9261 17
1424 2
16 9439
3603 3
5 5613
2 2947
6076 10
631 1
16 9236
8 5146
6 3644
151 1
3739 6
3282 5
7 5801
6888 10
8698 16
7 3929
8159 9
8 7174
1109 1
705 1
389 1
5219 9
9739 14
10 8891
5280 8
2 1735
1 916
6 3337
7777 8
3307 6
3472 6
8 7067
4472 6
3 2327
9 6077
649 1
3975 5
3996 7
2860 5
7454 11
4 4812
138 1
3 2978
5 2627
13 6750
8 7317
11 5967
3250 3
10 9873
1367 1
7042 8
3752 4
1 965
5162 9
269 1
9869 10
6792 12
9 7301
2 1
8 7091
9 4638
4714 9
885 1
8126 15
7038 14
8 6285
7 3608
5 3438
13 8430
3 1768
5193 10
7 4632
7695 10
4636 7
6513 8
8136 10
11 7879
15 7834
9066 10
4305 4
1861 3
252 1
11 8425
4200 6
3849 7
4743 5
14 8989
3 3534
1 860
9950 10
273 1
16 9501
9 5144
4 3756
4 4503
3147 3
8684 9
9031 17
17 8618
8020 14
2076 3
5 3351
9127 17
5 3388
5 5987
286 1
3137 3
3 3938
1580 3
1068 2
7124 10
1 872
7322 8
3734 4
6169 7
8 4451
7101 10
2749 4
10 6156
11 7672
1031 1
671 1
6 5197
5 3011
7145 12
4585 7
2 2037
7662 14
15 8966
8400 14
3 2623
3696 4
6628 12
8 6242
1 1043
8 6488
6369 12
7 4450
8442 12
5368 10
3 2753
6760 13
5 3029
3 2468
8979 12
15 9088
4 3825
4 2030
3859 4
5 3295
2221 3
7437 9
5597 11
9 8675
16 9500
15 8234
1322 1
5682 8
9 9077
9 5078
116 1
6852 11
433 1
1 1490
1591 1
10 5932
3 1762
13 9470
16 8701
7935 15
6371 8
1390 1
11 6329
10 8780
9211 12
12 8602
5331 5
13 8570
4 3758
6 5764
8 6839
479 1
1297 1
7308 8
8073 14
4698 9
14 7597
5206 8
1 1291
2519 3
7 4773
8 6873
6 4278
7 4836
811 1
7283 10
1 586
10 5618
2026 3
6652 9
2 1365
2 2922
12 8760
2060 3
12 7516
4738 6
1 900
8 6370
8277 15
7 7986
1814 3
4940 4
6 5429
1318 2
4526 7
1 1965
6731 12
3723 5
3 2926
8 5286
2171 2
8106 13
2532 2
4437 5
2 2365
5751 7
8 6274
8383 12
3037 4
5770 10
3 2074
5 2711
6217 11
12 6201
126 1
11 9735
13 8785
8836 10
18 9800
8704 9
5 4118
5238 8
5 2520
6 4399
383 1
5570 5
8223 12
8429 15
4 2099
7 4770
19 9974
9780 14
17 9689
7 3693
5 2976
2350 4
8 6996
4267 8
7170 10
15 9590
4279 8
1335 1
3 1618
4173 8
16 8184
4 4446
3815 4
1 819
2117 2
16 8466
7 5044
15 9340
2170 3
11 7548
1 548
15 7620
3 2284
3909 7
8242 16
5933 6
6 6653
1 504
7696 9
9608 19
1884 2
18 9781
1 355
3 3333
3336 5
7 3576
1 366
2036 2
4 3518
1 392
2323 4
18 1
3729 7
6 5166
9614 11
6234 9
14 8325
4 2084
6308 12
1554 2
8 8741
4 1
4168 5
695 1
1 385
10 5513
2134 3
5 3536
1 1708
2710 3
614 1
7 6591
12 8353
4 4965
9118 16
3097 6
7982 7
5 3397
2797 2
6368 12
5 5691
5 2777
2 1016
1320 2
11 7858
2 1001
8 6422
8 5369
11 9727
7490 9
7683 10
3641 7
2835 5
8547 14
9806 17
9273 16
2 1416
2663 4
16 9452
4943 7
16 9005
13 9768
3340 3
4721 9
14 8776
5 3700
8 5856
9 9186
10 7147
5 2553
1 1672
10 8747
1 311
3713 7
12 8441
4201 8
8 5362
9089 11
5729 8
19 9687
9263 14
4 2746
9516 11
4303 4
419 1
4 3006
1 287
5 4310
9 5723
4 3922
728 1
2126 3
764 1
4 2913
4 3445
2 1526
6178 6
4861 8
3876 4
4 3893
12 7056
7668 9
4 2089
17 8650
10 5536
2556 3
9 9887
6953 11
3766 7
477 1
10 7141
5554 7
2 1394
11 9286
3279 6
9 6270
5441 9
7970 9
8534 10
15 9793
2782 5
7041 8
7703 9
1118 1
1941 2
1 1426
3770 6
15 8085
1 321
5 2841
10 7271
17 9200
1 1332
2551 5
7 5488
3067 3
14 7643
2181 4
5 5220
14 9578
8866 10
2499 3
13 8319
13 6994
276 1
4 4333
7494 10
1 904
9 8896
1 1578
324 1
6 4186
9406 17
4 2626
1 954
3 1945
2110 3
10 9232
1104 2
12 7521
14 7055
11 7099
5870 10
3821 3
1 1049
2 1219
2 1387
9554 13
3217 5
4 2413
17 9270
3 2145
1377 2
7 7347
8994 11
13 9063
16 9018
5 5263
7107 9
3910 6
14 8804
8 8508
2 1409
8770 17
368 1
10 5849
6 4709
1 1048
5 2908
7766 13
2891 3
8946 15
7247 8
13 8529
6383 12
9592 14
15 7562
9226 15
7336 14
3936 6
10 9698
5 3010
16 8303
5757 8
11 6579
7 5886
9193 10
12 9205
1653 3
10 7372
6182 11
1 414
8 4261
13 7361
7 5031
9 9052
8782 8
8625 9
4 3507
6 3871
1 220
473 1
1544 3
11 9453
1 405
6 4851
7912 7
15 9437
4 2025
6 5639
4838 7
6464 9
1 123
6 3361
3 1718
12 9308
11 6446
6910 7
10 7043
1504 2
371 1
2722 5
8809 16
4674 6
13 8438
9115 10
7667 13
5817 5
2 1975
1158 1
3 2400
8 4540
6 4681
6 4982
17 8972
8 8681
10 8237
5018 7
3960 3
2 1287
1 718
5744 10
8945 16
18 9421
3832 7
6921 13
471 1
4523 5
7 4032
2 2845
9278 13
3623 4
6 6991
9 6831
5 3206
4 2771
4257 7
1710 2
7 3555
5013 8
1 952
7837 13
8521 9
9291 15
8488 14
6224 12
6162 9
8 6416
9 6134
4 2642
5 3207
5226 10
8 8378
3224 5
7 4686
8197 14
13 9391
10 7730
2 1939
7 5335
8577 14
6955 6
9 6065
9711 12
6 3176
2 2165
9344 16
1315 2
8412 13
3111 5
12 6090
8135 15
10 6923
12 9182
4 2087
8211 13
7088 14
3727 5
4651 6
5328 10
1 536
8504 10
245 1
5 3662
8397 13
1 195
8759 14
8719 12
6227 10
1 447
6305 7
1 770
3710 7
6 4945
2975 3
3120 5
723 1
2325 3
9 8187
2 2014
5947 5
6515 13
11 5884
1 947
1 790
9394 13
5858 8
11 9385
13 7881
9 7814
1 526
7051 14
216 1
7199 10
1 982
101 1
6325 7
9 4998
1 146
6 3131
4873 6
2732 3
6787 12
2378 2
11 8538
8 7642
10 9623
7467 11
10 8209
12 7444
16 9204
10 6880
2367 3
2973 5
4 3253
2 1162
6521 9
14 8357
3 2278
4025 4
2462 4
791 1
7422 10
4899 9
2005 3
4335 5
18 9424
11 5821
5 4071
4 2570
520 1
1 1050
1 668
3563 5
3 3123
6 3906
6 4317
7 4800
7462 9
8 5437
8 6427
6164 10
8072 10
11 8274
9 6016
7867 11
5 4883
9604 16
8923 10
9475 18
4090 8
11 7898
3 3761
4 2470
883 1
1523 3
3 2633
1 877
7 6876
1 443
7112 11
13 6725
4 4208
6851 9
9835 17
2370 3
5782 9
7339 9
6 3414
9295 11
3523 3
5386 10
6 5207
7889 9
1351 1
6 5005
3 3327
6215 9
291 1
7447 7
10 6560
11 5749
1112 2
11 5809
8 5838
8754 15
1546 3
7 7029
7 4404
9072 17
4297 4
2 2484
2 2071
4901 6
10 6893
11 9024
16 9141
4 2665
4 4685
10 6875
2 2441
5 3436
2730 3
4589 9
6252 9
5643 9
5317 6
8789 9
3 3121
11 7022
11 6726
12 6372
3 3528
4 4189
8228 10
7804 8
738 1
6 3560
3835 6
4 3464
1 922
2 2131
10 7244
1 886
1 219
15 7872
16 8790
13 8327
2121 2
10 7582
10 6347
4 4777
8 7536
4769 4
5409 7
4819 8
3993 4
4015 4
1 988
353 1
2 1399
8 7750
2 1363
1 858
1 403
3999 6
5799 6
962 1
1919 3
6 5370
13 9053
6 3049
1196 1
4 4576
2 2133
10 5827
1806 3
6 3707
17 8514
7365 10
6082 10
9 8751
5 3023
10 8670
7685 15
1 1714
4727 8
9 6613
2209 2
5 3843
10 5529
3 1908
6562 7
13 9943
4081 7
3 1900
2514 3
12 6836
1302 2
8 5746
13 9874
14 7140
10 9325
1935 2
3232 6
8913 15
7990 10
5 2599
8341 15
6071 7
6287 9
8411 14
3627 7
1 559
7839 11
6346 8
1628 2
7457 8
9021 15
6629 12
2 1189
9568 16
6 4171
7010 9
4 3444
8317 16
4 2144
2007 2
2546 4
6693 12
3 3494
4 2849
16 8235
1 712
10 9919
7 6294
12 6029
9566 9
16 9359
3283 3
8 7744
1997 2
2824 2
80 1
7 4516
5942 5
1 1992
8740 9
1 1221
5268 6
1 784
8 4202
1897 1
10 6685
10 5839
14 9626
4086 5
9265 15
9 7071
5693 5
14 8042
6095 7
7 7940
3028 4
5450 5
4 3961
3 2764
18 9662
7 6338
6 6220
6563 11
1809 2
7463 11
4 2967
6551 11
71 1
8 7600
5 3814
8 6055
602 1
1913 1
9508 18
6184 10
1 815
8 5148
8 8086
8 5108
13 7162
8609 15
1087 2
3 3125
8636 14
9799 11
8 4809
8280 8
4737 9
5708 9
2 1027
2162 4
3278 6
6024 8
6249 11
6442 9
5 2563
17 8933
1 472
12 8734
1 140
8668 17
5 3991
300 1
3 3198
7334 10
1625 3
6878 12
9668 12
8633 13
6608 9
6145 10
6897 11
13 9951
6 5945
5 2664
4 2858
2689 5
6600 12
8 4953
2963 5
1267 2
5 3054
3107 6
8 7224
15 9779
5609 9
4084 8
3810 6
3 1926
7304 7
4 3223
7109 9
18 9306
1 750
4508 6
4 3021
7094 9
12 7295
6 3468
2391 4
6 6141
3 3562
8934 16
1450 2
11 7132
13 7566
10 5523
1047 1
7175 12
6945 7
3 1615
3506 6
3945 4
8643 8
7704 11
7 6407
1740 2
5534 9
7553 15
8424 13
5 4594
8 7108
9 4925
4 4418
1 578
5670 8
7153 11
1172 2
9755 12
7 4621
8182 11
1420 1
8271 8
197 1
6266 11
2 2695
5745 9
1 648
8093 14
1226 2
9725 16
3 2859
7 6111
7 7926
1 326
9972 10
13 9904
5 4207
10 7802
8638 14
9 7817
6 6261
1 847
2385 2
6 4700
6186 6
1 225
9832 13
8604 10
6208 10
1 1731
4 4016
5 2993
1 318
9 9654
1 1966
15 8310
4917 9
18 9272
6168 10
601 1
4 4488
7492 9
1 488
9 6080
7131 11
11 9199
5797 8
9720 14
6559 9
223 1
4319 5
1 1005
7818 11
4456 8
1013 2
10 6303
1674 3
6159 7
4747 8
6375 8
13 8507
11 6570
9 9296
9 6363
1 13
4 2925
7 4844
6226 8
7764 13
8 7920
1 1540
4 4988
1175 2
6 5624
3763 5
8878 16
9269 16
523 1
1 995
5685 7
10 7325
2206 2
5278 5
2047 3
7360 7
12 9058
2 2428
1 1400
2399 4
3 3409
2933 5
1 285
4 4814
848 1
1644 1
1694 2
6 3948
4 3484
6259 7
3 2119
7 7210
13 8311
3403 6
1698 1
8 5543
6 3774
5302 6
6 3801
3 3323
448 1
8690 16
1427 2
1539 1
7357 7
13 9856
4878 7
5865 5
5772 8
1 595
1 329
2840 5
13 6860
109 1
9 6884
9505 12
11 8987
2 2708
9850 13
2 1364
13 7388
10 6278
10 6074
8597 16
7 4004
5 5083
11 7028
5022 9
7 4863
1 395
11 5796
18 9377
5 3737
7 4689
6 6154
38 1
6 6976
3 3262
18 9890
3473 5
9007 18
9 9153
5804 10
5608 5
8 4559
8180 8
10 5537
3 1805
11 6869
3 2085
3869 7
5271 7
12 9358
3429 4
1552 1
5 3173
2951 5
2493 3
1 570
8 4617
9732 15
5997 8
8 5029
8247 9
2 1348
10 7682
2 2547
8258 13
1 1137
8765 17
8154 11
2895 4
9 8886
7972 12
5 4642
681 1
4 4828
5500 8
3676 4
8986 14
434 1
9 8120
7 6333
9454 18
5 2831
1 213
8 6133
15 8587
12 6918
4 3258
11 9339
9210 14
2692 5
9912 10
5270 6
9 8076
1 1744
4 2475
1 22
274 1
13 8375
11 6094
958 1
8162 10
5173 7
12 8098
2654 2
3042 5
11 6449
1 854
3281 5
13 7306
2081 4
3001 6
3521 7
5 5034
7169 9
7314 14
14 8018
3 1840
3 3557
663 1
1 1723
3918 3
2 2631
5520 6
8 7947
7742 13
2 1689
3 3126
4606 5
11 7535
10 8871
3093 3
9105 13
7232 8
519 1
12 9770
8062 16
14 8768
2384 4
1 214
10 5794
8528 16
11 9955
15 8823
6714 11
400 1
8 6206
7 7250
7 6914
1989 1
10 6414
5260 7
9941 12
4 2187
120 1
3419 5
6050 7
3 3060
6998 10
10 6093
13 9632
75 1
1 1436
5877 11
10 5183
17 9281
10 9653
4734 9
3 2183
5272 9
14 9078
7281 9
5433 8
9 6161
8384 13
8282 15
15 9651
8218 10
3913 7
6399 8
5 3134
8 6210
7409 9
2 1445
9460 9
3 3265
8 4079
394 1
6392 9
330 1
5 4939
6 3769
2 2336
2239 4
6 5063
12 6610
2946 2
4078 6
8900 10
1993 3
8146 16
8 4022
4109 4
1 1203
6 4467
9917 18
5068 9
5101 8
972 1
8 4637
3587 5
4972 7
3354 6
2 2482
6289 9
2500 4
1352 2
6866 8
6 6078
6 6647
2381 3
4627 8
2243 4
14 9555
5237 5
827 1
1462 1
7592 9
1 449
1405 1
1251 2
2759 2
7735 12
7446 10
5956 7
1 1876
9 6512
15 9802
13 7823
2674 2
12 8623
5179 10
2 1829
9667 16
6981 10
1 554
3908 5
4368 6
2659 5
6022 10
4 3589
6 4950
4 2796
9841 15
5 2705
11 7326
12 9836
13 8138
3056 5
1 304
7 3646
2 1899
1889 1
11 6478
3 1564
8755 9
762 1
10 6214
8426 8
13 9734
967 1
2345 3
8 6989
5 3365
8 5448
11 5985
10 5807
9694 14
1 1349
3 3635
9132 12
5576 10
1 114
4676 9
3186 6
3174 6
7320 13
3882 5
5 4808
9414 13
9124 15
8391 13
445 1
3 2790
7997 15
3204 6
9 6993
2 1091
1 1202
7 4273
12 9784
9609 12
5 4039
8932 16
7083 11
4 3483
6155 8
6 6130
959 1
1796 3
6 3404
3967 3
1763 1
10 8458
4478 4
9337 18
6127 12
5 3857
3059 4
1 706
1 752
5 4217
46 1
211 1
2648 2
8 5033
6 3458
11 6314
2833 2
7 4903
3242 6
4150 5
6663 13
2671 2
12 7663
4797 8
4 2868
9400 12
1942 2
5542 8
3 2415
654 1
6 6713
1610 1
7844 11
1 1160
6583 12
9268 18
14 8550
5 2905
2886 5
1 636
4834 8
8 5678
19 9908
7433 13
5 2958
3 1848
9234 12
4313 4
15 9042
749 1
11 5889
7 4231
855 1
1 657
8 4030
1195 2
2306 2
3 2489
8806 16
6475 12
4910 5
3864 3
13 6749
5344 6
6089 6
5920 8
3203 3
2073 2
1 199
8300 12
5 2765
7567 7
16 9075
3 3799
1 758
8 7629
74 1
1 98
13 7267
10 5595
5416 6
766 1
9752 18
407 1
9100 9
8988 8
5 3087
6018 6
3119 6
7715 13
11 5939
7568 11
8890 12
9774 9
3 3775
8 5282
6301 11
12 6564
8396 10
12 6555
8 6961
4347 5
5909 6
9 6058
3963 5
9565 16
8 4073
4510 7
10 6712
4249 7
7 3638
7369 11
5026 9
524 1
4665 6
4740 4
9 9948
15 7693
6905 7
1849 3
7046 9
2 1563
2 1596
13 7877
4 2123
10 8997
9073 14
3683 3
6 4949
1752 1
3 2033
12 8423
3430 4
643 1
4 4175
8 4115
8603 16
6239 8
6362 12
6 6415
4957 9
12 8968
5 2974
9523 9
12 8591
15 9665
3883 7
15 9432
7 5235
3709 6
8582 16
13 7781
8 4091
5 2872
3 2474
2356 2
797 1
3617 7
8621 10
15 8763
4129 6
15 7923
3872 5
7476 14
11 6445
8766 13
1 686
6 4963
2719 3
7822 12
5756 11
6755 12
9313 17
14 8343
450 1
12 6297
964 1
9 8783
13 9288
7 4070
7 3604
12 9876
7525 8
4 2282
6867 12
6810 6
5672 9
4049 5
2 2077
3 3877
619 1
8 5098
18 9785
2985 5
8951 13
8382 15
1 564
10 5577
4337 8
6581 13
10 5016
6000 9
830 1
4146 5
1 302
5 5151
9329 16
3755 3
7 5086
6087 8
3986 6
8903 8
1 1484
1 1464
9844 16
7571 10
605 1
6605 12
1 662
5476 8
9493 13
3382 3
8153 16
56 1
11 8533
5 4236
16 8816
9 8445
4 2061
494 1
5 5842
8 7427
4428 6
6862 13
3474 3
6 4971
9 7284
9 6553
7819 12
9807 12
3300 5
1592 2
7 4565
5 2729
528 1
4616 9
1894 2
4280 4
1 902
1549 2
5 3894
3 3297
4135 6
13 6984
5 3019
11 6032
4185 4
9630 19
307 1
10 5511
9244 10
8758 9
12 6052
6102 12
8 4528
7544 9
2754 4
2168 4
3320 4
1947 2
12 8185
1890 2
1784 2
1 1715
3 3602
8 4069
2 1904
4577 7
18 9484
8 7949
4148 5
153 1
10 7251
9691 12
1358 1
5176 10
9294 12
6366 11
9 6302
2950 5
1527 3
2 2174
1309 2
5 4426
2 2274
5 5743
4664 8
7738 15
9 6665
6403 11
4457 6
10 8708
5671 7
4367 6
3 3822
9 9486
15 8761
6890 12
14 7079
9 7596
12 9011
3 1582
7623 14
9 5201
9 5158
8999 15
96 1
2501 5
8 6949
9 7185
9 9315
8800 16
1 497
5777 5
3 3431
7873 8
8953 10
8 5167
5 4574
4872 4
8439 16
7784 14
1 367
1092 2
7899 10
7080 8
1 736
5105 9
1 1944
9 7546
6 3349
1775 3
7 4732
2 2477
3 3497
2445 2
315 1
4 2673
12 9489
637 1
5 3247
7044 14
3592 4
1886 1
3 2347
3 1841
6523 7
5 3489
3238 3
15 8055
8202 9
1 908
6 6617
8 4477
4608 9
11 6607
11 8117
5049 10
4 4930
1060 2
3 3552
5288 6
9509 12
8 6966
4877 6
1 34
19 9736
9 5326
4 2273
11 8264
1 79
5444 8
6045 6
1272 2
8531 9
6459 7
7878 8
12 9988
3972 3
3 3512
7445 7
12 7496
596 1
2 1677
2256 4
5113 9
7302 8
2 1040
9 7448
4074 7
6330 8
3151 6
6937 8
7472 13
6064 8
1 293
5187 7
3 2636
6 5515
9197 18
5321 6
1843 3
9450 18
16 8624
4 4944
6658 13
6 3813
6615 13
1 205
7621 11
7601 10
5627 11
3 2152
1733 3
14 7087
11 5795
2125 2
9 7070
3359 4
9 8516
9 4954
5 3441
3 3209
4751 5
7221 11
9712 17
6911 10
2 2244
2 1520
5 5253
4072 5
807 1
7 6380
7219 7
5486 6
7671 8
18 9664
1 1124
16 8031
664 1
1576 1
7807 13
2939 4
6 3415
5 2992
2 1449
1 932
12 6785
5 3053
1 241
6 6462
9759 15
8021 12
1 1180
9 5432
8840 8
2 1760
4 2483
1 1837
808 1
8532 10
4806 9
2 1313
777 1
2 1845
9 7585
9039 11
426 1
6028 9
15 9502
9001 11
5070 10
15 9247
1317 1
1569 2
11 9216
2 2739
1284 1
5426 6
2506 3
9280 16
1 59
1465 1
11 9168
1 921
9343 13
5923 5
3319 5
1 37
1 634
4 4145
6 3100
8857 16
825 1
1 468
7 6401
10 6460
9 7936
3 3471
6257 9
8089 10
15 9796
5 3834
7640 11
7 3612
9649 17
5 5879
1 485
2594 4
546 1
5143 7
335 1
10 8394
9162 18
12 6194
7504 13
6492 6
6 5996
7825 7
17 8567
11 8399
11 6100
2 1038
5 5037
14 9983
4739 9
4 2173
5 5228
9547 14
12 6152
7803 14
1624 2
2 1188
11 7962
8 6391
6 4133
4542 9
5800 9
8367 9
8869 15
10 7387
561 1
866 1
7410 14
2 1084
1 721
2312 2
6 5185
12 1
2 2800
8583 13
5 3427
4248 8
5580 5
18 9392
2550 2
6572 8
4 2289
1574 3
7 6402
2444 2
17 9638
9481 16
5 3580
5949 9
1018 2
2 1143
3 3104
7588 12
18 9341
4325 7
1 1247
7 7235
4882 8
4154 5
5080 9
8544 12
6619 11
6 6901
6 6814
18 9866
2405 4
1730 3
2111 2
4 3013
1 998
8 8820
7469 7
15 9618
1 1925
4 2140
9 9538
2395 3
12 6395
17 8707
7310 14
4 2122
1 112
9240 13
6 5094
4 2522
633 1
2669 5
3199 6
6879 11
2272 3
14 9591
3085 5
5823 11
10 5025
6506 13
11 7137
4731 8
7 5619
5 5093
1 1030
8518 9
8 6777
6 4384
1 1033
9 5153
1804 2
2310 3
4350 8
1 493
3 3968
7633 10
11 9708
13 7262
7 5245
1 495
9457 9
1 978
1 1918
6 5140
7231 10
783 1
9330 13
5 4099
11 9622
4 2684
13 9992
3 1634
10 5626
9723 12
7942 8
1 1107
14 9762
4 3858
1816 3
4867 6
10 8716
8 6245
3 1774
3861 6
8 7657
3 3556
3 1812
8654 12
9661 13
8807 8
11 7200
3499 4
8 5435
6 3792
2 1773
8 4978
3292 3
5 4533
5648 10
4906 9
8897 9
5 4967
7680 9
3874 3
13 8298
8 6199
8962 9
2460 2
11 8389
5001 5
505 1
1 1583
4984 7
10 9237
851 1
12 7871
7 3931
15 8483
16 9090
9 5133
1 897
7 3510
8 4810
9868 12
4 3364
6640 12
10 6254
4914 5
3 2377
1657 1
9543 12
354 1
7934 8
5309 5
6461 6
490 1
8 5314
12 7096
6013 11
5483 5
9 8321
1819 1
5566 8
3118 5
8 6109
3 2011
10 9163
3 2307
10 9628
9202 10
6571 6
3625 3
1 1898
7 5607
15 8854
3614 5
6 4381
17 8713
13 9161
7 4816
3177 6
1 352
11 9843
12 9811
6931 13
6 4789
6856 11
4 4880
2343 2
5876 5
1927 3
1 991
10 7543
8482 16
2683 4
2 2552
1 977
7882 7
5118 6
3749 6
1 809
4 3275
4 4521
8 4181
853 1
1232 2
1702 1
9 9023
10 6195
4193 8
1 1758
2 2341
5 5883
2 1609
13 7332
1 1676
9607 9
6221 10
11 7338
1 801
3 2253
9 8027
639 1
9828 16
8169 13
1453 2
5 5081
11 7737
1 67
11 6830
3826 3
3 2999
5631 8
10 5147
1 926
10 5669
11 8883
4811 7
3 1885
5837 6
7 3903
12 7644
8850 13
1 1620
13 6938
1 1640
1 1225
1 1475
1 856
587 1
10 8186
8193 8
9157 17
2588 4
907 1
12 8739
15 8301
1 887
4 2544
279 1
4210 5
254 1
3 2505
3930 6
3065 4
2602 3
6622 8
8251 10
9777 10
18 9722
8284 9
5467 5
8 4845
1759 3
2 2361
5 2996
6645 11
9 6639
6 4767
5249 6
9 5548
10 8304
5711 6
3380 4
7213 7
4 2038
9353 15
13 7725
9374 18
11 6034
7136 8
2150 4
5 2955
8 4852
7 6853
3 2461
1506 3
6056 7
5062 5
6763 8
3571 7
12 9562
13 9292
6 5216
987 1
1006 2
388 1
1431 1
3454 4
3257 3
3 3092
9074 14
4597 8
12 7717
9 9648
1 580
9 4707
8 4489
3452 3
8049 8
9103 9
6827 12
9529 18
10 9239
5 3805
325 1
11 6770
8 4981
8811 14
8569 13
1 237
936 1
7277 12
5 5124
16 8549
8696 8
839 1
1985 1
6 6674
6041 8
16 8640
1 243
5979 9
6158 6
1 36
2620 3
13 7350
10 7167
11 6486
8 8992
4856 8
16 8619
8450 13
12 9260
6951 10
3 3984
1046 2
7177 9
7237 9
1 1133
7 4452
40 1
3 2436
14 7373
12 6917
12 6023
1 1984
2062 3
10 6934
1446 1
8929 13
7279 8
11 5600
1 1467
6 6128
9 7039
12 8275
10 9933
1893 2
1 795
5 3855
7919 11
5 5681
2437 4
863 1
4519 9
1 658
4862 8
7443 8
3798 3
8860 13
6447 10
6636 6
7 4417
7278 8
387 1
760 1
8661 17
5141 9
13 9156
19 9830
4400 5
8 6144
6646 9
5 4874
5258 7
3585 6
2017 2
9605 15
9422 12
2093 3
9 6790
8030 12
7489 11
6251 11
4386 6
9412 11
8 5824
11 5651
58 1
4300 5
1 804
4238 8
5864 10
5707 6
9458 15
1041 1
2783 5
10 6947
1366 1
7687 9
2 1076
6046 12
4 2650
6 4818
12 9350
2115 2
1410 2
4065 6
2997 2
6430 7
4398 5
297 1
1 458
255 1
2376 2
4330 6
5 2780
4212 5
2 2043
7 4952
9142 16
13 8422
5 3564
6543 7
10 6396
66 1
6 5055
9560 10
19 9822
2 1301
555 1
11 8102
1448 2
532 1
3 1561
7 3748
3 2351
6791 11
332 1
3 2957
5852 9
2529 3
3 2294
4010 5
4412 6
378 1
6 3248
5122 5
3152 4
3 3469
3 2280
3597 4
1 582
7 4980
12 6846
3 2303
9934 11
16 8427
3694 4
11 8793
13 9283
4357 6
1491 1
1 918
16 8642
3828 3
4817 8
6 3237
10 6577
2 2224
5951 8
8791 12
8387 15
3979 6
202 1
15 9083
9 7507
2954 3
7 3596
10 5709
608 1
5 3055
7 3916
7632 10
295 1
7666 14
1227 2
8160 13
4341 4
18 9863
8863 11
12 8893
7813 9
8805 13
7 5384
8 5020
531 1
9334 13
9389 12
305 1
5776 8
2328 2
8605 9
4649 9
13 8088
2 1065
7 4623
6004 11
9 9572
10 7399
6328 10
9891 9
14 7139
8 8250
6382 10
5950 7
9 7216
13 8571
9717 9
6 3594
4339 4
5512 6
13 8694
5310 6
8985 9
2533 4
13 7608
4 2504
5184 10
6620 12
15 7830
13 8015
1 513
4 3860
15 8172
9 6548
4209 8
5 2805
6865 8
2227 4
2297 2
5279 10
11 6044
2907 5
9164 15
5 3551
7165 13
9 7661
5156 8
3854 5
3780 4
9981 14
5 3418
10 5810
11 9123
2403 4
8 5561
3793 3
1956 2
14 7731
19 1
8216 12
3 1949
7826 7
13 7327
1901 2
4 2277
3 3440
9946 17
5 5100
5559 9
6 3816
13 7759
2 1258
3 2948
5 2534
894 1
18 9026
3165 6
10 5313
8617 14
8552 11
10 5347
3 1971
10 9231
8725 17
8572 11
7 4227
1 1717
2103 4
1 179
6 5493
4763 8
2728 5
8 4900
5873 8
6 4378
8 6193
4469 4
8254 13
4195 5
2846 3
7891 13
8183 9
2776 5
5 2852
168 1
6990 8
8281 15
1859 3
9803 12
1 457
4371 5
9444 18
1 438
1525 3
7 5218
4410 4
5832 9
5567 9
1 1403
11 5965
1 128
5 3791
7 3895
7208 10
5793 6
8 4996
3764 7
2820 5
8407 11
6657 9
4931 7
13 6558
7924 9
8 5635
7206 13
2890 3
2397 4
2 1761
12 9644
2 2637
8179 10
4 2989
9916 18
1 158
3 3684
4392 8
9676 15
6376 7
6116 11
3691 6
4983 6
3399 6
17 8730
2587 2
4 3372
8 8970
119 1
9821 12
5929 10
5394 10
13 7533
8 7610
6940 11
7 3935
6 3113
1706 3
6 4598
1 544
18 9596
4711 5
6 5499
9 7436
1 360
2770 3
3047 3
6 3195
1914 1
1902 1
9963 13
3795 5
6 4455
5957 9
5453 8
4402 6
2 1780
2 2566
5 3995
14 8639
9670 11
1724 2
4 4662
6 6627
8201 12
3 3480
6113 8
9314 16
2 2322
1 482
8 5612
8 4291
9571 14
4543 6
7647 13
1 1469
3 3231
5986 10
265 1
9 7810
8481 16
17 8724
3 1683
3 1808
5365 8
4006 4
9 6518
4 3803
292 1
8405 10
11 6537
9639 16
4196 7
1 238
5941 8
1879 2
9634 10
9 5072
13 9938
7119 14
8656 9
5 3205
6 5857
1 1330
8 7342
6005 6
3705 4
16 8803
8554 15
5727 6
1557 2
1303 2
2 2105
6599 10
4461 6
7616 12
7 7746
10 5916
5994 8
417 1
8074 15
7604 14
2 2417
9230 12
7 3884
3 3048
1 670
4 2182
4 2542
5 3338
6742 8
1 1052
8338 11
9274 16
5 3124
4694 7
6675 11
3138 4
2543 4
7 4142
2 1645
16 8672
3796 3
16 8641
6868 9
8 7692
3 2009
4 4219
18 9920
14 8608
12 9656
5545 6
5688 10
6 6343
2 1384
7973 7
1 869
6 3751
9 9814
2614 5
6352 11
9862 19
9 6037
239 1
1 895
8 6337
9172 9
2208 4
15 8530
3899 6
15 8795
8 6306
6801 8
9320 18
2101 3
16 8703
7880 9
2 1233
6181 10
2969 2
8 5254
5622 8
3012 6
4064 8
3145 3
9724 18
5686 9
2813 4
9 7896
4 2318
1647 1
1692 1
1923 1
7378 10
1503 1
1421 1
6972 11
9 9619
11 8864
8 6136
1 77
1813 1
12 7309
8 7697
4 3529
1 374
11 6421
9 8054
1 376
4857 5
6491 10
4650 6
1 10
13 9994
2701 3
10 6745
7303 10
6 5345
2 2531
14 9924
3 3304
7590 12
3417 6
5168 9
10 8334
584 1
12 9277
969 1
9 5154
7 4270
10 8188
19 9805
6507 12
14 7669
8 4054
7785 15
6 4123
17 9379
4655 9
9 5256
2762 5
3243 6
1 68
9140 9
1746 1
4 4293
110 1
1433 1
5953 11
5866 9
1 607
4037 8
2 2422
2051 2
1 1009
5739 11
4 2059
7 5463
1 373
2944 2
3 1738
6783 6
13 8918
5775 9
6 3348
7329 11
7 7994
2 1222
5995 11
7901 8
9536 16
3962 4
9 6578
9 8322
15 8293
7665 14
5357 10
6167 8
4465 5
372 1
2 1306
9957 16
2290 4
2 1187
3600 6
9 5735
5174 10
12 8652
5695 11
8889 10
1951 2
4497 6
7929 13
7927 10
9 4755
9152 11
9 5692
1 1478
14 8990
7092 12
666 1
5 3830
5 2603
5673 5
1042 2
9225 12
638 1
8 5439
3820 7
1 711
7 6425
8 7943
10 7403
35 1
3368 4
5 2714
3 2091
17 9645
11 8743
5259 9
2 1074
3958 5
3 1818
2998 5
2 1727
3547 3
829 1
8880 13
5783 5
5 4654
5 3856
7466 8
942 1
12 7249
8 5831
13 7641
9693 17
2876 5
230 1
10 7581
17 9043
8283 12
8369 16
2761 5
10 5616
4557 4
768 1
7 4128
5541 8
6 4552
8436 13
1704 3
2132 4
7 3711
6650 13
1617 3
2962 2
10 5598
13 9517
10 7491
9396 18
9136 12
7985 11
9 9017
12 9729
4643 7
16 9146
6516 8
6634 13
2829 4
5 2915
6975 9
1 476
522 1
5 4394
2712 5
10 6216
5 3164
1 410
15 9813
3 2455
8 5355
406 1
1 232
10 5473
3550 6
3 3888
6279 8
6517 8
834 1
679 1
1 1353
7992 13
4 4987
4 2355
6 5675
11 9476
9775 18
14 7984
9577 18
8 8974
7710 8
3099 6
8305 11
6 5349
8 4928
6669 9
10 8257
8 5323
7 4782
1311 1
6030 6
9 5847
16 8645
7 6495
1 362
7874 14
8205 12
6690 13
3 2639
1 162
16 9129
3 3678
484 1
299 1
4 2937
11 8000
6 3742
1 1521
2 2360
9 9431
7510 13
9 7506
340 1
2 2198
1 240
3376 5
1008 1
1370 2
2767 3
5 4046
4485 8
6971 6
2 2390
11 5750
7538 14
6679 8
2 1834
10 5825
2 1772
2 1909
4514 8
2 1054
10 6614
9 5417
8380 12
4647 8
5588 9
1 87
8 4601
1734 1
270 1
9368 9
10 5103
4 4308
16 9426
6 3432
4126 6
2050 2
7 5276
3289 6
9 9264
727 1
6179 7
6 6973
9370 13
5694 9
1165 1
8697 11
6651 12
6219 8
7214 12
5273 8
10 7351
7352 14
4840 4
1 1794
6 5968
12 9076
2448 4
6021 12
1 92
7969 11
8 6795
16 9993
9 8667
7319 14
7977 9
15 8252
7058 12
1 319
3907 3
4626 8
7910 14
6 6697
4374 7
6236 9
7180 9
15 8631
14 7945
6114 7
12 6198
9 5203
1 1696
13 7892
5 2892
1 1218
2476 2
7464 12
8376 10
5028 7
4479 7
3026 4
15 9575
6129 6
14 7069
1 1524
3 2357
3220 3
7806 9
2 2481
1 1757
5903 8
3 2207
1 1929
1 512
14 9440
5998 11
8688 10
4 3103
2 1401
3 3754
667 1
9 7980
4541 9
7204 7
1323 2
6 4258
6112 6
9 9367
1 778
4 3267
9 9895
1598 3
382 1
8 7955
16 9678
4 4213
2 2112
9701 12
1 343
16 8220
2 1279
4377 6
8 7736
3 3515
3 2668
13 7740
2293 3
6 4846
1670 1
12 8585
8 4088
144 1
4 3052
9019 11
6296 10
14 8714
9730 11
12 8368
3 1867
8213 13
4422 4
4487 6
7473 10
1 506
7429 12
1422 1
3 3183
2539 5
2802 2
4766 7
6008 8
12 6267
975 1
5 5653
8856 15
4 3015
6 4132
1 1666
8 7033
3 2098
1 938
1597 3
9256 14
6983 9
7111 13
9521 14
1 1652
10 6010
3789 5
4 2685
9 7135
8360 14
6 5734
8178 10
5042 10
11 7297
5159 6
8256 14
5747 7
1 182
6809 9
4260 4
3731 6
2 1170
726 1
1164 1
14 7003
2 1954
8260 14
7498 10
8 6298
539 1
10 9995
9880 19
5676 11
9 7240
8705 16
9 4787
7 4113
508 1
2741 2
3 2768
2856 3
9135 13
2418 2
1 968
5991 8
6 3259
8477 10
1 194
8142 14
1 465
2694 2
16 9233
13 7100
11 6211
6 5517
1278 1
7 5602
2693 5
1 592
9 9071
7569 12
9 5157
5 2691
12 7246
9069 12
1264 1
14 7836
9 5050
7 5818
7 4240
5 4203
7115 13
3881 6
3005 6
8356 16
12 6930
2 2524
17 8520
6859 13
1991 1
5341 6
4 2141
8195 9
6 5297
845 1
11 8155
6683 10
835 1
3044 4
7 3900
10 6322
4 3457
715 1
14 9144
792 1
4415 5
3819 4
4 3554
2 1721
6496 10
9 4678
7749 13
7821 15
2263 2
10 6335
5 2904
12 6057
9834 9
5223 5
3089 6
3682 4
4524 9
5233 8
1895 1
8815 10
11 6526
2625 4
4835 7
7656 7
5 4921
4 3462
4 2814
14 9926
4890 5
1167 1
9652 10
9704 11
5491 5
4 2810
4958 5
2191 3
1553 3
4 3402
3 3740
1 984
5 5792
3941 3
7 3777
9 5353
1483 1
4 3865
3 2643
641 1
1 913
14 7095
1 1856
4799 7
5289 8
5440 7
7961 10
117 1
3 1579
9154 9
3 1910
2688 3
15 8036
8557 10
2 1375
1637 2
5 5719
3 2968
12 9763
7908 9
7 4363
8 7423
11 7260
2 1797
8 5485
2 1810
6 5690
4157 5
5 5161
11 8967
6411 10
15 9307
6753 8
3 3924
5 5704
8614 9
6 3328
9407 15
5 5578
7 4529
5911 5
7 6633
8014 8
9600 15
10 5791
1494 1
8744 11
11 8361
7890 9
1 842
9482 13
1130 1
7 5398
2210 2
11 6180
741 1
7862 15
8 8453
9871 19
6 3146
5024 6
6 4553
8 4047
6 3943
1 1110
7 5060
8 8320
4693 7
2851 3
2 1413
4 3738
4 4345
3964 7
6048 11
18 9159
9588 11
8 4663
4 2016
6060 11
16 8632
9 8147
1868 2
8079 13
51 1
5 3450
15 8912
5484 10
6 3168
7 5871
3428 3
5564 9
1 422
9540 12
6228 6
7 7933
7636 12
3 3976
2 1499
7 7558
5451 10
2346 4
8659 10
7460 14
7 4833
1 837
1 665
8344 14
6541 8
9861 15
6 6031
6909 13
6388 8
13 8447
7 3531
1 1481
5217 8
3 1892
1619 3
3 2498
14 8845
1 1958
1 986
2 1340
13 8041
3 2442
12 8983
9190 13
4 2363
1428 1
9782 12
8385 16
3526 3
3 1654
6467 12
1 24
9203 9
4348 4
9 5662
4 2964
4076 8
4605 5
3639 6
1962 1
3302 4
9 7772
167 1
6 5290
7952 8
1751 1
6 3951
5 2881
2 1224
3 2053
18 9402
180 1
1359 1
15 7849
12 8948
7 5195
5380 5
1 1917
1627 3
4180 7
14 7440
776 1
2515 5
9310 15
5422 8
15 9909
8588 15
12 7483
9029 12
12 8137
10 5284
9 6009
9 8787
8 4447
2 2302
4430 6
1333 1
13 7234
491 1
1 149
10 8141
7 7549
8 5095
5724 10
12 9395
9282 18
3463 3
6 3185
1 888
3520 7
5325 8
1827 2
14 7195
16 8905
1831 3
6 4937
7133 12
7192 11
8452 9
4596 4
4 2847
3 2159
6550 6
9680 15
9 9465
511 1
9 5419
13 7698
5 2731
5573 8
4896 6
9 9686
4220 6
4 2146
2638 2
8010 16
7 5171
12 8853
17 9574
3 2940
10 6793
3980 5
2560 5
6904 6
9827 19
6505 8
5 3898
4 3517
9 6707
5549 8
1538 1
4 2864
10 9429
8680 16
2 1685
2 1512
9997 13
6 4476
10 5516
3268 6
4144 6
3977 3
2 1532
10 8598
3332 6
5121 7
1 1136
5300 8
2537 4
6 5981
9128 18
4265 8
178 1
630 1
6406 10
8004 9
8 8797
3110 6
6 6887
5 3184
15 8884
4730 9
6 4460
4 4805
1983 3
9441 15
7768 14
7 7394
193 1
346 1
11 7845
661 1
9964 10
1 881
481 1
12 6574
1987 2
15 8841
12 7708
2 1835
884 1
6812 8
7 7187
7 4192
6768 8
7 4102
1 604
5 2839
9319 17
4199 6
3 3413
6 3129
6699 12
4 2427
8553 8
937 1
166 1
15 7619
5 3036
8 7425
15 9857
3 2275
13 7465
17 9737
3 2250
10 5418
4786 4
1555 3
7 6323
171 1
11 9593
11 9546
6 6885
2 1969
7699 10
7285 14
3 3886
7 3605
8914 9
16 8669
4723 7
7 4750
14 7172
717 1
3 2463
15 7854
1260 2
1 817
8 4301
13 6664
9215 10
6 4973
2 2862
3932 7
3 1866
1844 2
1191 2
3 2048
17 9181
9016 14
9 7321
5 2662
5 5427
3335 5
1319 1
3901 3
8448 13
1 212
14 7524
8503 12
7497 7
2 1234
4 2517
7 4442
4990 5
7 6358
9109 11
9 7156
14 7797
3 2252
14 7915
11 7009
4 2801
1 550
8 6258
5733 7
3827 3
6 3911
3 2236
2149 2
6149 11
9305 18
4 3018
6 3070
3453 6
4035 7
2 2339
453 1
12 6698
5 2585
308 1
2736 4
13 9303
4 3202
6 4774
9108 16
1980 2
7362 10
5 5753
14 7017
6 5377
1783 1
5 3503
1 1051
3159 5
6175 8
13 9382
7 3668
2789 2
2628 2
7294 7
9715 13
2054 4
9178 13
9 4697
9138 14
9985 17
9 9366
3003 4
7 3539
8432 12
1 6
227 1
8165 11
6943 9
9 5305
14 7344
5085 8
11 7487
8574 13
7645 10
16 9180
5139 5
15 9326
9 5266
8065 12
1 923
9279 9
9903 10
2128 4
9 9259
8 5572
6262 9
9050 15
1589 1
12 7579
8156 8
10 5502
7049 10
5 3735
4 4444
1807 2
6 3633
2 1325
1518 1
1 1603
4 4567
3926 3
2853 4
3459 4
8927 11
8773 9
4 2271
10 6436
11 8297
2348 2
7626 14
5 4666
9 6590
9107 15
8 8991
455 1
4184 8
8 4242
9905 14
3 2404
889 1
1 1502
7 4725
6 4343
7723 11
6233 6
3389 4
1 1241
7555 11
3 1693
3225 3
5 2981
2211 4
3 2936
13 7248
3128 4
1417 1
6 3610
5145 9
1163 2
1613 3
3 2879
1 251
4318 6
3386 4
3973 3
9642 10
2 1822
15 9599
3 3139
5 2723
713 1
2380 3
5 3252
5445 8
6733 6
2850 3
7 5262
3838 3
7526 12
2 1671
7272 14
3 1607
9522 15
9 4688
7 6253
509 1
1479 1
5389 8
6007 8
2606 3
7 6203
2541 3
5 5700
5 4997
5731 9
8629 12
5 4537
10 7324
4889 6
4696 4
1977 1
8 7542
8 8278
4222 4
9398 17
2 2020
2372 3
9690 13
2012 3
11 6389
3541 5
6012 8
9469 12
43 1
6701 13
7991 8
4 4935
1 1126
1307 2
5637 11
5906 11
5544 9
6 4312
7016 10
14 9099
9906 18
691 1
2 2819
3 2987
115 1
4527 8
2301 4
7148 14
2 2651
7134 9
4288 5
8 8771
1793 1
3 3542
1 461
7 4401
8337 14
11 9134
6 5547
3434 5
5180 8
9064 16
1 1488
5 4259
2986 4
7 5550
3 3396
5 4756
5102 5
10 7245
1 1699
5 4433
5194 5
8733 12
8080 14
1 99
16 8302
1 692
3670 6
9860 10
1116 2
1 1113
3063 6
8511 8
4 3482
6903 13
9 6223
5054 8
9707 19
11 5752
2887 3
3570 7
1961 2
1 133
4 3317
3966 3
2039 3
6061 8
6545 12
7 3655
1 1516
2002 2
3584 3
4 2857
4646 5
1920 3
1612 2
13 7252
347 1
10 8038
5760 5
976 1
7946 14
8 6207
8928 10
4471 7
3779 7
5748 6
7 4284
1 1877
6970 9
8416 12
17 9879
1 1870
7 5931
1545 1
5128 6
15 9410
2871 4
3 1508
2 1541
7 5264
2 1973
7263 11
7 5530
12 7932
6498 7
2900 2
9771 12
3197 3
7684 11
4 3040
7307 11
13 9935
14 9925
11 6898
1 953
7 4761
6840 8
9960 10
12 6779
9900 9
11 5586
1 771
7 5252
2 2880
7 4130
5053 6
196 1
249 1
8198 9
6692 8
12 9252
11 7375
4245 8
11 7906
7 6820
474 1
17 8564
7 7366
4380 8
1 1777
4104 4
4 3479
8 7513
7674 9
7627 11
13 8469
3 2106
15 7505
6 3689
9765 16
1440 2
424 1
9877 9
11 9447
8 5927
5438 7
8 5656
5701 9
8695 13
6 3274
5299 5
9416 10
2667 4
9 6535
5759 8
10 8500
10 7660
8 4695
5051 6
8834 15
9 7573
8403 15
3 1533
9020 9
2 2172
1149 2
9677 15
5 4085
2147 3
8 5591
7241 9
13 9855
7 4932
7 4403
6364 12
7557 8
7456 11
1535 2
12 7675
12 6410
9 4532
1 1339
13 6748
6871 10
7 6494
6293 10
4753 6
9298 13
3244 6
651 1
6667 9
1632 3
13 9033
7 4253
7832 11
852 1
3847 4
3 3291
1 423
3 2977
3956 4
5071 9
9175 18
9352 9
8 5230
1461 1
8576 12
9397 17
11 1
7273 13
7 4334
2 1680
1 396
6 3369
7824 11
1 501
2 1896
8 4790
8 5630
2 2931
1 739
4255 8
1 64
9413 12
516 1
7354 9
4 2308
9 4578
3981 7
5585 5
5 3833
7 4656
8290 13
2888 5
7493 14
12 6781
7622 10
2156 4
301 1
5293 6
1 1265
9679 12
6 5754
3 2334
9709 15
8 5698
1 327
12 8877
4 2488
1 336
6794 12
2 1493
10 5215
10 6695
3 2772
562 1
244 1
15 9462
4613 9
6 6720
7013 12
710 1
4009 8
8 6549
8255 9
13 6821
558 1
8063 16
7 5891
6275 7
4 2579
2 2465
6165 9
5524 8
9897 14
4 3394
5 5482
1 290
5 2758
2006 4
9945 19
9 9378
7519 8
5 3905
4 2456
12 7964
4897 6
1 342
5087 7
10 9896
7 6621
17 8673
1 386
7 6231
3778 3
9524 17
3034 6
7563 11
4555 4
6529 9
7971 9
7 4706
2107 3
5498 7
2 1021
12 6378
15 8628
4187 5
5015 10
12 7254
3708 4
755 1
4252 6
823 1
2 1334
3395 6
2863 5
7988 12
4 2219
8683 15
9405 16
8157 9
7 7458
11 7312
3925 3
1 915
4063 4
9 6135
4 4282
6482 11
5 3122
3 2269
8 8176
5851 8
6 3422
3645 3
8078 16
4 2492
1664 1
6528 8
6503 12
5196 7
4007 6
3109 5
4 4190
7 4164
7289 7
1418 2
3 3374
2194 3
10 7757
1 298
2953 3
9818 19
1960 2
3674 7
10 9304
10 8737
1 176
747 1
7811 15
5 3620
1 369
1565 2
2580 2
4490 5
3 2130
1 698
4 2898
1106 1
8949 12
4286 5
2 1183
3400 4
9243 16
2718 3
1 933
2 1117
13 9008
9194 9
2 1463
2 2003
8221 12
9812 11
2246 2
7227 10
6 4956
4827 8
2034 4
13 8314
3392 5
8802 8
1701 2
1873 3
7 5464
9177 18
9882 14
8474 15
11 6047
16 8016
2600 5
13 7605
6336 7
6 5590
2 1036
9423 10
3312 3
3741 3
10 6062
7921 14
7364 12
999 1
7335 10
8 7008
5 5833
5666 10
704 1
1 1839
4 4406
1369 1
4 3276
5247 9
1514 2
6978 8
14 8115
5496 5
1 209
3 3188
8 5705
2 1246
6666 13
6246 9
15 8833
10 6320
9 9766
6263 6
9 6660
6138 12
4432 4
3 3591
6 4820
7528 8
9276 12
9847 19
1 263
5 2956
9 5134
9 9597
10 6213
4 3064
6688 11
3 1636
3669 3
1 1883
7976 12
14 8017
3 2186
6891 9
7 4572
1 623
1055 2
2197 2
3 3324
6123 12
6081 9
2305 3
2045 4
14 7118
9381 15
4 2447
1 1215
6 3130
8 8601
9901 16
13 7452
10 7287
15 9499
8658 16
253 1
9583 13
8 4427
7269 10
6 6283
10 9714
13 9859
5 5583
3155 3
5 2609
6906 9
4 2440
9002 9
15 8502
2 1155
6456 11
5 5581
11 9289
4351 4
2781 5
5170 9
5 2877
4 2725
7635 11
8 8119
1 833
6473 12
1 742
1237 2
8039 9
14 7800
6696 13
9054 11
7 7584
1728 2
12 8700
6979 11
7754 12
4 2487
4672 6
7 7381
3032 5
4121 5
6 6546
7 6582
4561 5
8392 11
6 3088
4680 4
7 5855
9025 12
5 2769
6522 6
8 5490
10 6799
14 7540
8342 14
9 4675
1 1874
16 8685
4 3315
9257 15
8 8671
17 8844
7639 8
5510 11
6 4356
7808 7
9468 10
17 9930
5768 7
7686 10
5592 5
1190 1
8919 17
9137 11
1 1019
9 8910
17 9369
2217 3
7146 12
14 7831
8922 8
16 9046
3516 5
2213 3
5208 10
5239 5
4 2124
10 8792
4316 7
4 2382
990 1
510 1
4136 5
1 803
5888 6
538 1
7 6204
2836 4
7400 11
12 8745
4563 5
7238 14
8 5509
3 2247
7852 11
1248 2
8630 16
8939 11
7 4413
1406 1
9535 15
5067 7
7451 7
1 313
9049 14
8291 10
11 5657
8964 8
9477 12
4640 9
10 9241
13 9932
3181 3
10 6003
5924 11
6 4831
3210 4
6 6310
6 3522
6935 7
8 6630
3495 4
4 3586
5205 7
3582 5
3726 4
2 1308
6025 7
9613 9
3558 3
4 2621
12 9786
15 7649
4535 5
8 4177
4892 8
5531 8
4 2690
4 2046
11 6340
8904 17
3 1602
3280 6
10 6594
7318 10
6927 7
8306 10
7650 12
12 6681
2 2240
9 8092
9539 18
9 9553
5 4583
2 1205
529 1
1 456
7530 11
9 8958
1 1269
9594 9
1 1178
9969 13
4 3971
1 1381
9713 19
4299 5
7 6317
6806 10
1044 2
8 7958
1737 2
2281 4
1026 2
4977 8
13 7205
2812 2
16 9433
9531 14
7053 8
11 6026
13 6735
10 8835
9 6027
8 6913
4679 5
1720 1
1 1519
5928 9
2565 4
9 6212
1 61
3437 6
14 7607
3829 6
8 5620
7072 10
2 2581
8 5340
5 2699
11 8537
8 5099
13 9817
2029 2
849 1
8 5190
5913 7
9503 19
3631 5
4570 4
8112 9
8 7066
9 5414
3488 6
4962 9
6 4098
12 8592
8993 16
2 2788
8921 11
3 3405
7068 9
11 8546
7333 7
10 7431
2680 3
14 8087
5 2526
12 6419
9 7054
6743 11
2 1371
294 1
2721 3
12 9148
2991 4
5202 10
6361 7
3373 3
9 6532
11 5934
2826 4
7065 9
10 9224
3 3500
8930 15
2 1213
1 127
1 1765
3595 6
16 9769
2827 2
3611 4
2815 4
8513 12
8613 11
3952 5
18 9674
5684 7
5421 5
11 8712
3017 3
7377 12
9328 17
7887 10
4 2843
1470 2
13 7435
5558 7
6922 13
8998 14
3812 6
6670 11
4628 9
4438 7
2135 4
6147 8
3370 3
2 1062
2909 3
8470 10
2 2333
5 3367
1 690
9 4677
6 5052
31 1
1346 1
2854 5
5 2870
6121 7
1 1622
11 5890
5339 6
3387 5
4 2189
3 3311
246 1
2943 3
13 6828
6105 12
3027 4
6711 9
1 169
6255 8
12 6649
1 20
14 8006
5 5430
6626 12
1 780
5546 8
2104 4
2 2185
7795 11
7 5046
3 2707
316 1
1509 3
7484 7
1828 3
5198 9
5 4505
8589 17
8 7201
5642 9
14 7434
1 1769
2044 3
2571 5
5 3671
9106 16
5714 6
7282 7
6 4716
7316 14
2592 2
13 6565
3 2425
6 6191
5 3143
2 2478
1350 2
1 928
2 2260
5294 8
6465 10
6736 9
2644 5
4 4216
3 1522
10 7775
2 1120
4520 5
9 6691
5 3194
1 875
5535 6
3680 7
5 4294
1271 2
13 7280
2 2589
2018 2
4976 4
4082 5
6808 9
15 7788
9364 11
5568 7
6 5269
7 3818
3790 7
8 6924
5304 10
13 8851
2 1871
4 4137
4 3221
4 4779
9 8454
3760 4
1 802
8 4019
7149 10
8 7709
1 1668
9474 12
9 9647
3 3236
8 5410
7217 10
8 5169
9864 16
7 4500
10 5125
8259 10
8 4539
6995 6
7833 7
1 557
9823 12
6 6235
4 3062
2 2199
4226 5
9740 19
5 4843
7796 8
6079 10
8971 9
1 1811
4014 6
5780 10
1 890
15 8002
2 2485
7 5401
4668 4
9939 18
6881 12
8 6377
4 3341
8509 16
6 5296
8662 10
6525 9
5088 8
8 6762
3 1887
5 2745
5841 6
10 6351
8 6042
1 724
7 4153
1173 1
15 9037
10 9321
9285 15
2371 2
13 8859
1656 3
7778 12
8175 16
1192 2
5514 7
14 7470
12 7160
7 5246
2818 2
7583 14
5110 7
4246 7
1 125
1 970
5006 5
7 6471
4 3722
9 5155
6 4443
1439 2
4566 5
4344 5
13 6957
6 4355
9428 13
5 2811
1304 1
10 9825
9 9411
2229 3
10 8710
12 7957
7655 7
10 7113
1 1862
9728 18
9 6566
8 4107
5594 8
1 590
6967 9
4 2842
9 7173
2848 2
17 9842
7 3527
9 6709
7340 8
10 9846
3 1686
6350 11
12 9598
1 210
6 5478
6568 11
13 9336
4 2383
1423 2
2 2094
7414 13
603 1
4764 5
13 6816
680 1
6190 12
1292 2
2 1235
11 7014
9483 12
10 6292
9582 15
9747 18
7116 12
9047 14
6311 7
4918 7
3101 3
12 8599
1594 3
8047 12
5562 11
5813 5
6 5680
6 4038
13 8440
12 7805
9749 11
11 8299
1414 2
1 573
1 143
1 184
9537 13
6684 6
4839 7
148 1
4 3161
12 7089
6841 11
4 4684
8 7838
3240 6
2597 3
5940 7
1492 2
9173 16
2658 2
12 6202
8536 8
8 4832
7166 13
7 3513
278 1
100 1
11 7918
10 6886
2808 2
9010 13
7 7968
11 9787
1386 2
7330 12
4859 7
1 615
4776 7
3284 4
5853 9
11 7727
9567 13
2296 3
6 3345
5917 8
5683 5
14 7706
7 5930
6744 10
9158 12
1 350
867 1
15 8347
5040 8
4 2386
8 4375
11 7402
3771 4
9051 10
3 2178
17 9510
3598 4
8523 11
6 4875
1948 3
6502 6
5 4440
5765 6
3229 6
7654 10
7355 10
1 1312
6623 13
925 1
4 4866
7820 9
9959 16
284 1
8950 13
8 4876
675 1
9361 17
1 29
1 496
5504 9
14 7761
7215 7
8 5960
1208 2
6 6932
5736 5
358 1
6 6408
7 5553
7 4847
9 7614
2735 3
3 3811
4 2527
1 1254
2509 4
813 1
6443 12
4 3618
7864 10
1 793
9 5248
280 1
2 1788
2934 3
1139 1
1 1379
4586 5
13 6587
1144 1
4 2001
2031 4
4008 6
7 5901
4215 7
10000 19
4468 6
1 1266
9742 9
4 2645
4372 8
4 2337
9160 13
4 3950
5501 6
5 5565
11 5846
8568 16
8535 10
14 7499
4691 9
1007 2
7591 11
4 4031
4141 8
15 7609
12 6452
4036 7
1766 2
5 5402
1 283
3038 6
4 4114
11 6740
3 2743
1978 1
9 9867
2496 4
11 9079
6 5008
14 9975
2480 2
4328 8
5200 8
2237 2
7 7391
8111 13
4 3193
4 3377
7420 13
32 1
1748 3
11 9188
9 6174
4531 7
9657 16
12 9944
1 348
7 5227
13 9640
9 5492
15 8828
1056 1
8 8118
7559 13
8 7828
1176 1
9 5061
7024 7
1562 1
3423 3
19 9751
10 6413
5225 5
9485 9
14 8312
4612 4
1066 2
816 1
9 7752
7545 10
7860 13
8406 9
6 6896
6686 8
1 1355
11 5826
1 914
6 6547
1998 2
12 8019
2393 2
11 6874
8326 15
3339 5
11 7886
8051 14
3 3934
9062 17
2389 4
5895 10
1 258
16 9922
9060 18
9290 12
2995 4
7 6704
5829 6
1959 3
8354 15
4670 6
9087 10
3578 7
1 844
6 4087
696 1
11 8149
7 5007
2379 2
725 1
9 7475
11 7190
4966 5
1 751
3 2205
1 256
7078 10
3 1785
5784 8
11 6469
1588 1
8817 12
7063 11
130 1
7502 13
812 1
2 2910
6 3172
4167 4
2108 2
7411 11
6509 11
8 5023
6 4254
5610 5
65 1
8056 12
11 8926
4 2619
4304 4
1067 2
436 1
1782 3
3 3686
1864 1
7050 9
9427 17
3 1573
9471 11
2467 4
16 9669
8829 8
6 5667
1931 2
3 2215
328 1
4389 7
7 5962
7593 14
3 2072
5 3652
8524 16
3 2994
10 7412
17 9355
821 1
6 3079
12 8222
10 7564
3817 5
11 5730
3525 7
5192 5
1 1145
588 1
13 7203
8 6019
2873 4
2 2338
6 4296
10 9218
6426 8
3 2013
5315 6
9 8408
6 6272
18 9683
1 1186
2288 4
6 5048
6 3970
349 1
3321 3
2 1875
8 5552
9 5199
1378 1
4491 6
9650 19
6 6497
10 8009
13 7523
9872 10
5 2573
5388 10
3 2454
6342 8
2216 3
7438 8
13 7212
1486 1
1 204
3842 3
4 3456
5 3346
7883 11
4360 8
1240 1
4 4985
341 1
2324 2
974 1
2 1725
11 7243
3045 5
6 4657
4042 5
1 566
6304 7
7393 9
16 9434
4929 8
8501 12
8 4893
7517 9
1 466
359 1
7987 14
1182 2
1 935
2616 2
11 7850
2127 4
8664 15
1181 1
8168 12
2 1263
8 4061
3 3837
1 191
9 6170
5138 5
3715 6
14 7353
6 4435
6716 13
1690 1
4 3475
5 5407
10 6083
1 190
11 6256
6384 12
7345 9
1419 1
12 6586
9 5319
5 4587
9911 12
7902 12
874 1
12 7565
6 6892
1 944
5990 8
9 5000
7 6857
5589 9
997 1
7 5097
15 8556
3 3211
1 730
2675 5
6635 9
13 8957
5373 5
8 8560
16 9851
12 6758
5 4419
2 1391
7257 7
9271 18
9 9316
6575 13
6 5234
6682 9
2838 3
3086 4
6925 9
7158 7
8 4475
3 1836
1 625
8 8799
4346 7
9096 18
6 3546
6 4804
9549 17
1663 1
8894 11
4 4796
8539 12
2317 4
11 9990
6418 11
7258 11
2344 3
11 6963
1 920
3983 6
4581 6
13 9998
1 779
12 8215
14 8489
6 4110
3218 5
5 4183
10 5674
1 1142
5 4961
1 1537
1 843
8686 15
3 2561
6 4547
12 6247
5 2755
3 3937
106 1
8 4669
12 8024
5954 10
1855 1
14 9464
14 8580
8626 12
4274 7
6385 7
1 909
8048 12
1 1194
28 1
2 1952
8462 12
15 7694
1924 1
5703 5
8316 15
735 1
4579 6
5761 11
4229 5
1451 2
16 9581
9731 10
9122 12
1 859
7386 10
8428 8
1 702
2 2057
10 6585
1 124
3781 3
7471 7
10 8431
814 1
4717 4
6345 7
14 8622
7193 12
4043 6
7468 14
9 5119
11 6125
7480 7
9 7418
3892 3
5424 5
5281 6
4692 8
9525 9
3 1590
8497 8
14 7733
1 1853
7 4718
5412 9
14 8691
7 4748
5332 5
1 880
5117 10
1015 2
6 5431
6 4927
6538 8
9 5629
3955 7
5 5988
7 6126
3383 6
15 9040
1 1415
4590 8
599 1
3846 5
1 137
15 8748
12 6926
8001 16
4772 4
8 8171
3353 6
6 3154
3606 4
2457 4
6818 6
15 8294
5 5623
6 6603
12 6715
4 4352
4 2109
3 1742
5617 8
3 2834
3949 6
16 9403
9520 15
5914 7
10 5404
8561 17
8050 12
1863 2
9718 16
652 1
4 2314
8417 16
1 164
3772 3
6 6119
6230 8
8 4385
3 3543
3 1566
12 9418
1 312
6 3149
1 1953
4206 8
3 2024
9 6958
7265 13
3574 5
9808 19
9927 17
8268 13
1 574
3703 4
7 5333
6 3666
2 1193
3946 5
7 6316
1934 1
5399 6
13 9564
4283 8
18 9117
8 8456
6766 6
1 527
8349 12
15 8938
3214 3
12 8464
3 3072
5786 5
8177 14
13 7841
1 444
1214 1
13 9616
9 4815
4366 8
4 2791
8 4907
4 2449
7 4919
901 1
6353 8
5982 7
10 7233
15 7954
10 8952
8131 8
9706 13
4362 7
4 4108
13 7074
3 3524
1 1314
7760 12
12 9055
5 3416
460 1
3672 3
4 2451
11 9898
5 5163
8 7449
9 5364
4 3753
9487 9
4285 6
8355 12
2 1099
9139 16
1 136
9 5149
10 5840
10 6200
4611 5
8906 15
3 2268
8606 12
5383 8
2 1286
11 9094
7 4191
3 2021
1148 1
8947 12
6573 11
2726 2
4474 8
6 3566
6 5677
10 8727
267 1
15 8261
1 560
9299 12
6189 12
1682 3
861 1
6 5696
2938 4
2734 3
363 1
8505 16
5 4029
5 5461
850 1
7 4884
6668 7
4256 4
4 2369
6454 11
14 8961
8069 10
2897 3
9625 15
7274 7
7383 14
1 1300
12 9300
4166 5
5359 6
1086 1
2676 3
1 917
14 8240
1 714
12 9559
1559 3
6 5959
2 1088
11 5971
9541 16
4266 5
7903 11
17 9480
5298 8
1111 2
2 1154
2 1293
8 5964
5255 5
1 1256
4480 6
10 6463
15 8665
7 7073
891 1
12 8874
8663 12
8873 13
2195 3
12 7186
1 701
8 7701
6 6542
1 45
6428 6
4 3866
1982 3
17 8726
6 6706
9 4771
5 5621
10 5654
3685 5
165 1
159 1
7 3664
5470 10
7638 14
2 1455
5469 8
7143 12
2421 3
6241 8
2 1262
266 1
1 103
6710 8
9942 17
4795 6
7027 14
4122 8
15 9978
15 9419
2090 3
4053 8
19 9705
7 5935
13 9248
4736 7
7776 7
8487 10
4056 4
4388 7
10 5660
5 2878
2 2559
14 9097
8749 13
5057 9
12 9030
5352 7
3 2960
9585 9
7786 15
1802 1
8362 11
4 4179
16 9145
1209 2
2649 3
4262 6
14 9209
6107 9
8 6631
4287 6
787 1
5 4986
9 7743
6487 9
9971 12
2 1077
8028 9
3260 5
12 8150
2795 5
10 7652
8 7005
5135 6
3084 3
6433 8
3020 6
4470 8
1 1441
9 7152
4 2298
8409 13
9 9348
7628 13
798 1
14 7486
13 8653
13 7783
3923 7
1380 2
8584 15
1 435
9798 17
3190 6
11 6409
6 5415
9 6661
8736 11
4518 4
1995 1
12 8595
2245 3
4 4358
8352 13
12 6238
9 7432
1298 1
9672 18
8558 8
10 9189
6 4034
6146 12
12 6477
7981 12
6 5894
11 5955
583 1
11 9511
7 7226
17 9636
6318 10
3160 6
7 4117
10 9621
10 6533
7574 7
2004 2
451 1
3 1560
2082 2
8132 8
7 5111
7023 14
13 8148
5789 6
5926 7
2 2261
9977 11
3 2248
6 6397
1964 2
1536 2
2804 5
983 1
7341 10
12 6797
5014 9
2787 2
1 1385
13 6954
15 9606
8943 16
3994 3
2330 2
8 4027
7424 10
15 9167
8548 9
7060 7
9 4549
10 5507
1 464
5428 5
39 1
4558 7
1327 1
7 6002
1593 2
9 8911
3 2311
141 1
3636 6
6774 11
9293 11
13 7658
7 4096
5479 7
8 4275
11 7155
2 2778
5571 6
2 2270
8 8541
5740 7
6068 8
7 4066
3 3014
7999 10
7 3654
4 3077
4 3885
9953 18
1083 2
1119 1
16 8033
4 2407
3 2786
7 3773
5 5835
10 5938
2766 2
9 7253
1661 3
4 4364
6531 8
5 5152
746 1
6 4138
9610 13
206 1
611 1
15 8263
1468 2
3179 5
9928 19
3959 7
9 8973
52 1
2 1122
8 8288
10 9151
6 3375
5 5721
1473 2
7 5181
272 1
5 4801
10 6386
6 6778
9415 11
8 8559
4 2883
3 3609
6281 10
7 7618
640 1
11 5902
17 9757
3234 3
15 9131
12 7851
16 8084
3 3301
4499 7
427 1
14 8272
13 9003
3544 6
9222 15
6 5788
1 1556
12 9558
9824 13
5069 6
2065 4
160 1
235 1
1 94
3 1611
83 1
517 1
9356 13
9 9700
1 761
8620 13
3 3718
9703 19
3 1629
5 3171
10 6941
12 6624
6894 11
2647 5
10 8413
3116 3
10 5036
1239 2
6006 8
10 8471
3 3216
5 3928
5 4001
644 1
2 2231
7 6240
2 1252
231 1
530 1
4895 9
14 9027
1 700
4924 4
3788 4
2 2396
7211 9
5 5457
8 5532
8091 14
9 9496
6655 11
659 1
17 9086
1 132
2 1397
9110 12
688 1
9101 9
8190 12
6802 8
6148 9
1500 1
9952 13
6448 11
5 3455
7 6143
9 4765
4 3867
10 8831
3 2979
13 8379
1511 2
15 8070
16 9057
5 4768
5221 8
5650 7
8 8868
6 5379
6 5528
8 4934
4414 7
1712 2
3385 3
4060 5
15 8161
6662 9
1 200
9515 15
16 8158
5963 9
3637 3
9 9829
1487 2
9837 13
1838 3
3 3720
8 8133
6637 12
13 7522
2233 2
7015 8
1 429
13 8627
9527 16
5 3988
2179 4
3309 4
16 9028
6 3902
3 1970
7527 12
10 8340
14 8478
8 8492
9430 9
3 2064
9507 13
7159 12
7 6855
788 1
1 1999
13 8022
26 1
6 3298
13 7713
1 1216
4 2613
7097 13
6327 6
9 7275
1 973
6 6284
10 9514
5 5555
1442 1
7885 9
1530 3
10 5844
864 1
1534 3
6 5758
7 5378
5312 5
4658 5
6300 6
11 6654
7 5718
10 9940
1 104
6 5084
6172 11
1 150
4 2696
1029 2
3 1646
5 3704
5363 6
4 4994
5860 8
17 9968
8493 14
1 620
9 4603
1 25
1 606
15 8227
4915 4
3 2490
3806 5
1135 2
418 1
9085 12
6676 12
10 7106
3080 4
4 4813
18 9093
1 616
3 2608
9 8581
3 3251
1 1882
4 4615
3 1936
8 4453
2 2193
9 8651
6132 9
4 4462
4798 4
14 9659
6845 12
15 7769
17 9984
2238 3
9673 12
3712 5
9 5984
1 41
6 6524
3 3533
6 3227
13 6722
4211 6
3702 5
16 8323
3306 6
2984 3
799 1
4548 6
1037 2
6 4143
3157 5
4726 6
5 4853
7791 7
7343 10
3559 3
470 1
8285 16
3890 4
13 6732
8728 15
7 5056
1 381
1372 1
5477 6
3649 3
7228 9
930 1
12 7855
9045 18
6 6625
3679 7
8 5912
5 2720
2 2823
1 1097
4870 8
7575 11
8324 9
4100 4
3308 3
1 716
5 3797
7 5385
3 3325
12 7268
3273 4
7154 9
2660 3
16 9854
4 4610
1 155
1103 1
4221 7
8191 12
3 1681
364 1
4045 8
7 3607
9133 10
9892 18
8122 13
8 6552
9121 18
2373 4
12 6757
2 2402
5466 9
17 9970
13 9761
9617 18
5 4881
8687 16
12 9741
5 5004
4382 7
3 1650
33 1
8 6142
5348 8
4 3393
1253 1
6824 9
9794 9
9388 11
10 7442
931 1
2564 3
5077 9
1341 2
11 6400
1 961
2724 4
5907 6
12 6580
11 7197
1 242
2164 3
5375 5
2 1131
3 2008
956 1
6020 9
7 3831
2410 2
1 9
5 4602
6 3114
9 8612
6 4947
4 4224
1570 2
5 2961
10 6648
8 5978
7 6833
1212 2
3509 5
5456 8
7 6483
9530 18
2491 2
4821 8
10 6299
1 356
1114 2
7421 12
15 9065
7 5396
1 78
3357 3
13 8336
3083 4
1732 3
2803 2
541 1
3624 4
14 9436
2 1310
16 8108
7857 7
5741 7
4780 6
7 4024
9791 11
3599 4
4 3347
4720 6
4604 6
2653 5
5882 5
10 9438
10 6728
14 7126
1101 1
1383 2
2201 2
16 9965
10 9797
9 5854
4106 7
9 4564
16 8200
3 2151
9 7059
2 1425
16 8455
16 8116
9776 16
2825 2
2 1550
7928 11
134 1
12 8750
6 6780
12 8678
8772 13
3 3989
129 1
4 4822
18 9627
11 7189
2286 2
7651 9
3264 3
8 7967
8313 8
1 540
1 309
2794 3
2617 3
7917 11
1 97
9 5874
5 5848
18 9792
8 7405
48 1
4 4083
2902 2
5397 9
4 2562
3 2015
9 9790
6 6229
5900 5
15 8647
9831 17
10 6096
10 6858
11 7734
9 8610
7 4803
2023 3
1 610
2 1347
6131 9
4837 4
1017 1
7914 15
10 6849
15 7689
7 5579
11 5918
6232 10
19 9699
5 4244
2416 4
4 2495
5 3342
10 7184
5017 10
11 9206
13 6936
8563 10
10 6341
3 3285
8689 14
7 7707
3 3465
5250 9
8 5366
14 8032
4745 5
10 8266
7129 11
452 1
7729 15
8331 15
16 8163
4 4551
8861 17
1 911
6 5038
3 3313
337 1
3 1928
6536 7
7570 11
7419 7
9 4802
898 1
7677 14
4926 4
12 9764
439 1
2821 4
2 2549
12 7346
2 1082
6 4715
10 8194
3545 6
4161 7
1 955
3270 4
682 1
14 9130
2 2184
8 4321
2401 3
9 4573
873 1
1 1713
131 1
82 1
8 4044
2120 2
8457 13
1 731
5012 6
5958 9
2 1245
5755 7
9092 11
892 1
1648 1
2200 2
5 5291
2923 4
9643 17
8794 16
2 2326
6 6086
6 6561
6 4507
6326 7
1 62
7390 12
4 3094
6453 12
1865 2
2 2469
3 3081
5 3329
3 3261
5116 6
1 567
2266 4
13 7406
6319 6
5 4307
7916 14
2773 2
1815 3
5019 8
919 1
4 3933
6 4719
4162 5
9323 15
2450 3
13 7417
1 673
8229 13
4 3057
5 5324
6 5165
3 3716
6 4361
4 4993
5878 10
7 7911
3648 7
773 1
3213 3
4370 8
2 2713
1 390
4 2254
4 3667
5 3944
9 5898
10 5392
233 1
1 1290
2 1586
794 1
5503 9
2906 3
11 8101
9921 12
3997 6
13 7809
13 7765
9 9455
7606 11
8931 9
17 9550
7455 10
1 1711
2 2175
1 775
16 8769
4 3889
17 9534
6656 13
3 1584
9 4515
9 5010
9 8915
8 8189
11 8359
1 1024
8540 15
13 7331
8 6063
1601 3
14 9615
1 1382
4 2479
6484 9
1 1443
537 1
6490 6
9022 10
7 6751
5 4315
10 8965
9 6511
5361 6
9666 12
16 9126
6 4683
14 7359
7 6017
3485 6
9061 10
2687 4
9878 11
12 6282
6 4733
11 6098
9504 11
3 2196
8421 11
1795 3
9758 10
3 3927
7 6432
480 1
6451 9
2930 3
15 1
9 6166
7376 14
8 7753
7552 15
8 4823
4169 6
5732 5
5214 6
16 8273
2 1915
6 3115
3 3447
3 3222
6 5713
9838 16
9201 16
2232 2
6 4633
5893 8
9 7587
1 1705
5 5606
2 1147
4 4830
9 5892
1 262
9 5041
3957 7
5494 8
14 9491
4023 5
3443 3
7900 7
8486 11
9347 9
3616 4
9753 11
9 9351
7 7721
4868 6
7415 10
16 9719
4502 7
1 533
7349 9
1 685
4338 6
5880 10
9991 12
8593 9
5 2595
7025 14
1 563
3 2513
1108 2
1159 2
8 4198
8 8837
8295 12
10 5763
13 7085
6798 11
5 5064
1 1485
6 6197
8 5241
5722 9
10 8607
3448 5
5405 7
613 1
6043 12
5 5615
16 8935
8 4407
2264 3
5 4659
2100 3
3613 3
1792 3
5 5434
5 3629
1 1198
840 1
7 7363
6569 7
5551 7
469 1
7 4329
14 9494
10 8206
9580 11
1071 1
3 3219
3519 6
5 3303
1 413
1 271
4349 4
6153 11
6832 13
7869 10
5910 9
2855 5
5261 10
6 6964
3 2584
2 2169
19 9637
7128 9
15 9084
6 4600
2 2884
3 3381
2142 4
9081 13
9595 15
5664 6
5303 7
8812 14
1551 1
10 6861
7782 13
1 192
3 1851
5646 6
5 5603
1 47
3296 6
18 9982
6 4156
5 2578
1 282
4 2742
1621 1
4791 6
5 2756
1 118
1 720
16 8600
8 4652
7138 14
4 3717
2672 4
1 677
2095 3
1 275
16 9258
15 7670
6702 6
13 6644
1572 3
7856 7
9034 12
9 7959
11 7716
142 1
1096 1
18 9512
1 945
6 6992
2 1974
5584 9
5045 10
1 862
3266 5
7 5574
7 4788
6907 13
14 7770
11 5778
6 3530
2 1128
3870 4
8 4458
1 1274
15 8243
6084 7
10 7367
3 2235
7646 8
1 1338
6677 11
14 8140
2 1020
10 5091
6520 6
2 1529
2921 3
14 7292
7380 10
4841 8
1 992
9 8825
5875 10
14 8210
16 9918
14 7439
4 2358
1691 2
1 139
7 7182
4251 6
1217 1
6 6288
3 1869
7 6776
9601 12
3974 4
8757 13
10 9612
1 737
7798 13
2276 4
9372 11
4 4048
8 7230
13 7291
2 1059
1456 2
3 2316
13 6642
15 7779
1281 2
12 6309
4 3863
3031 3
7503 9
5 2844
6 6110
8 6470
4 4858
7998 14
4059 4
7 7040
1 543
8233 8
1 365
11 8767
5458 8
5346 5
5092 9
2 1095
13 6872
10 9404
9 9399
9318 13
3 1501
8832 13
6 6765
10 5212
8199 8
6 3809
7196 9
60 1
7842 13
8446 9
7290 14
379 1
6942 6
10 7296
17 9249
5178 5
9196 9
5869 7
7913 8
5582 8
3 1635
7 7102
8 7477
5 2682
1 91
7117 9
3075 4
5 4722
4560 5
8699 8
8693 15
9569 12
12 8059
3 2190
7617 13
6 4495
7773 14
3 3407
8 6902
3061 5
17 1
6276 10
4 4536
6 4000
2 1905
8139 15
8066 11
5 4160
5 2763
6643 10
10 6455
8 4214
4908 4
6609 10
9009 16
8888 14
4699 8
12 8846
3215 4
11 8173
6815 13
2138 3
1177 2
4178 8
2055 2
1 428
1600 2
5058 6
1362 1
642 1
4 3743
1510 3
7164 9
1342 2
4051 7
1 154
3170 5
4964 9
2309 2
9 4886
3535 3
9195 14
1 906
5636 10
3477 3
13 9710
7061 8
939 1
1075 1
4 3136
15 7702
9478 10
1 1599