100
22
45 68
51 84
30 55
9 13
34 56
61 87
42 65
20 38
48 81
41 67
40 51
53 77
20 55
61 84
23 54
14 67
27 84
47 59
57 71
19 53
14 89
23 25
48
13 55
3 49
14 53
36 42
10 16
45 47
9 47
32 45
31 44
24 50
21 23
14 43
16 54
3 29
26 41
8 54
26 43
26 43
10 28
12 43
19 45
10 32
9 40
28 28
22 39
48 51
25 29
6 32
10 50
37 47
21 55
22 33
9 29
1 3
1 18
23 43
7 45
19 29
2 34
27 43
25 42
3 20
12 36
32 34
25 49
1 13
11 35
20 40
61
22 30
27 34
7 10
6 72
75 85
74 77
39 72
22 48
32 52
4 40
10 43
2 17
8 73
49 67
65 72
38 42
2 71
51 68
25 87
56 57
17 80
38 55
7 8
39 51
54 58
15 79
43 44
16 24
13 50
70 90
75 77
19 78
1 86
36 65
40 80
4 29
27 66
34 58
20 56
25 73
7 57
8 39
2 49
46 71
14 68
23 38
41 90
23 90
7 74
9 62
38 46
20 52
18 51
54 70
21 74
42 78
80 80
76 85
30 64
29 83
79 92
10
39 41
19 21
7 39
12 48
7 55
14 15
8 36
25 36
13 57
2 6
63
1 4
1 2
5 5
2 3
1 5
1 5
2 3
2 4
2 4
3 5
1 5
2 5
3 3
2 3
2 3
2 4
2 4
1 3
2 4
2 5
2 2
1 4
2 5
2 2
1 3
1 2
1 4
1 3
4 5
3 4
2 4
2 2
2 2
4 5
1 5
2 4
2 3
3 5
1 4
1 1
3 3
1 4
3 4
1 5
1 4
2 3
4 4
3 5
3 3
2 3
2 3
2 3
2 4
1 4
3 4
1 4
5 5
4 5
2 3
3 4
1 4
4 5
2 4
66
6 70
13 32
1 23
5 31
61 65
35 56
6 40
40 52
55 68
11 60
32 64
54 68
45 69
22 46
4 23
64 73
45 56
1 7
66 73
6 33
52 67
8 61
28 50
9 32
67 68
49 70
3 10
52 71
4 24
7 66
1 46
23 29
36 46
51 68
5 23
24 73
5 22
59 77
54 67
59 71
6 50
8 69
9 42
28 41
16 65
32 47
16 76
11 55
55 61
1 33
60 73
3 6
65 78
1 3
3 59
9 23
13 59
17 44
55 72
57 69
37 54
2 23
1 27
13 61
3 41
12 43
74
16 68
20 35
13 33
33 39
13 93
6 12
44 64
1 78
75 96
3 56
61 87
69 84
51 77
19 53
49 96
25 66
44 65
33 56
44 76
27 44
38 93
50 58
6 81
35 91
37 94
53 90
32 38
23 71
82 95
25 79
5 45
2 65
13 49
80 97
13 26
7 80
19 31
20 56
12 90
28 90
61 81
55 80
14 58
27 51
7 54
55 86
12 87
21 60
56 74
68 95
55 76
29 30
49 62
54 84
60 75
37 77
14 19
33 81
32 59
42 88
65 75
76 96
19 72
30 91
3 88
57 97
21 28
42 83
27 32
38 92
58 74
27 70
4 48
63 80
37
19 42
28 46
24 39
31 48
14 18
17 25
6 16
16 19
4 50
7 30
7 15
2 16
1 48
27 27
12 39
9 27
3 6
4 28
36 44
12 26
2 49
7 28
19 43
18 25
4 48
4 24
18 28
19 20
27 45
15 47
6 25
11 23
28 30
26 38
15 15
16 37
16 17
23
15 81
8 13
58 72
31 81
2 22
6 63
14 26
14 72
1 18
39 42
13 80
7 62
23 55
2 39
35 62
5 77
12 72
46 58
27 33
11 48
16 34
17 26
54 71
48
14 16
3 11
2 12
7 11
4 8
6 10
2 10
2 13
11 11
2 8
13 15
5 18
6 18
7 12
14 14
6 9
9 17
10 10
10 18
15 15
4 18
3 4
9 16
4 18
6 6
1 7
4 16
4 5
3 16
8 17
11 14
1 5
10 14
1 8
4 14
13 15
2 17
10 17
3 12
7 16
6 14
3 16
2 15
4 18
12 15
7 16
2 5
5 14
83
1 18
20 32
9 31
3 24
28 34
15 21
6 17
18 32
23 24
8 33
19 23
17 34
5 19
28 33
20 21
3 4
23 29
3 9
27 32
13 29
5 28
15 21
6 7
26 29
29 32
11 14
20 27
12 13
6 14
10 25
8 14
2 2
10 18
11 12
15 25
13 28
1 26
22 32
6 14
1 34
11 11
21 31
8 11
8 16
26 29
3 15
5 24
12 22
7 24
21 32
14 18
5 22
10 18
10 23
18 31
7 31
2 17
11 13
19 32
2 27
18 24
3 30
13 14
17 19
3 23
14 16
1 6
24 28
12 18
12 14
8 29
5 21
5 33
17 30
26 31
14 30
16 32
2 9
12 26
14 21
22 34
4 27
5 8
67
24 28
17 27
43 47
5 25
46 49
32 35
8 46
14 45
18 50
7 7
41 43
8 28
24 35
17 45
22 26
45 52
17 29
20 47
19 39
32 52
10 43
13 40
1 46
5 43
39 46
11 25
28 29
18 52
10 11
8 21
12 20
40 52
12 47
35 51
11 41
6 8
45 48
20 41
21 52
7 43
31 39
1 15
7 18
43 45
4 39
15 52
34 51
30 46
21 41
10 20
25 51
45 46
12 46
11 14
17 39
4 25
4 48
2 16
6 50
1 46
20 21
1 43
19 20
16 22
8 41
1 34
42 45
29
1 3
2 3
3 3
3 3
2 3
2 2
2 3
2 2
3 3
1 2
1 3
3 3
1 2
1 3
3 3
1 2
1 1
2 3
2 3
1 2
1 2
2 3
1 3
1 2
1 2
1 1
3 3
1 1
1 1
85
33 46
3 15
28 44
1 35
14 43
1 42
8 40
7 16
30 34
22 39
2 14
29 31
46 53
23 41
46 56
17 17
3 36
15 23
30 49
24 44
8 19
13 27
3 31
42 44
24 36
21 50
24 38
11 33
20 56
4 51
11 29
20 48
18 54
15 27
11 22
13 54
10 13
27 39
25 53
14 32
7 32
37 53
13 31
7 34
42 52
25 37
36 40
16 33
14 42
4 36
19 41
31 48
31 35
1 31
39 55
46 54
5 26
19 51
39 41
34 53
17 26
6 42
2 41
26 38
25 55
5 18
50 52
28 48
10 33
2 48
31 47
19 30
1 24
23 38
8 34
18 40
26 50
23 34
11 44
9 43
47 53
10 46
27 42
1 36
2 18
41
24 41
6 28
24 39
3 38
12 50
18 48
10 15
27 29
10 42
49 50
28 31
18 47
3 8
2 13
33 52
23 52
33 49
48 51
12 20
26 31
9 22
24 51
7 27
16 27
16 52
19 41
30 35
37 37
13 38
12 49
24 46
18 35
4 9
41 51
14 20
5 6
5 35
31 42
31 34
22 33
22 33
58
24 35
9 32
16 36
1 26
9 32
14 32
26 38
5 32
11 36
14 24
8 10
5 25
3 13
5 20
34 36
22 32
8 25
1 8
22 33
1 8
5 32
8 22
4 9
17 20
2 17
26 33
26 35
16 30
28 37
21 35
1 14
25 34
1 19
25 38
4 29
24 33
7 13
19 22
26 35
4 19
29 37
7 24
25 37
1 1
4 37
4 13
13 24
6 29
20 31
6 11
12 29
21 24
1 35
7 22
3 36
3 12
10 31
13 33
23
25 54
11 19
21 44
9 14
20 33
17 19
39 70
35 67
11 22
58 73
26 72
6 38
29 52
55 72
24 64
48 54
13 39
34 42
25 57
22 51
32 40
23 67
76 78
41
4 30
69 69
44 79
77 79
14 31
17 57
56 59
4 75
8 50
3 51
64 75
2 18
7 74
38 75
39 83
6 39
25 69
64 77
70 71
21 59
78 83
59 77
53 71
62 63
40 64
20 30
31 58
38 64
22 29
21 24
59 68
29 56
22 83
39 70
8 17
10 11
4 12
67 69
47 77
34 47
30 76
62
7 60
3 19
45 50
2 12
3 20
32 46
17 17
32 62
29 52
5 18
20 23
15 26
45 61
43 55
4 28
28 61
32 46
1 19
12 26
18 46
12 49
28 29
3 58
28 30
45 47
2 34
4 48
28 62
8 30
32 55
20 33
3 30
2 29
19 27
35 40
8 50
21 34
15 22
30 40
14 51
21 22
16 24
6 43
23 33
13 48
17 62
28 33
17 34
35 56
31 58
2 7
18 26
31 35
47 62
8 33
14 28
27 52
49 57
5 8
26 52
20 25
4 50
31
13 31
13 39
34 47
8 61
28 38
7 18
4 45
7 24
40 52
53 59
34 53
20 57
5 48
14 36
3 13
25 39
34 51
3 7
10 38
65 67
14 56
23 59
46 58
41 65
17 63
25 51
52 55
42 47
57 60
9 9
3 48
78
30 32
3 18
40 41
16 32
49 58
46 54
22 59
12 47
51 56
34 54
23 32
59 60
4 20
46 51
3 27
17 25
34 58
27 31
5 50
46 54
32 39
31 38
9 53
49 49
22 60
14 34
25 45
12 40
45 54
25 39
20 33
3 10
22 58
3 40
3 17
42 56
18 48
11 33
27 59
13 26
12 46
31 48
11 42
28 47
27 44
17 46
17 20
6 47
18 33
8 35
27 55
8 14
13 18
31 38
8 50
11 56
26 28
30 59
18 59
16 25
32 53
1 2
41 43
7 7
6 58
16 42
1 49
5 30
59 59
6 35
22 49
8 17
7 39
29 37
16 44
8 45
7 38
9 50
99
28 53
47 49
2 23
15 34
13 33
19 48
10 38
6 35
2 25
3 9
8 34
37 48
22 54
32 45
7 30
28 38
21 29
8 44
9 18
9 50
1 21
1 18
25 35
10 26
19 47
15 54
7 39
36 47
12 48
9 23
5 47
26 36
21 31
1 38
9 39
19 47
19 52
8 9
5 41
32 34
23 48
7 30
42 52
34 40
8 50
29 55
52 54
6 12
12 27
43 52
7 49
30 45
12 25
52 53
18 30
15 52
45 52
38 45
28 30
3 23
24 32
9 9
20 28
15 41
18 44
11 37
12 24
1 36
36 40
10 19
2 34
40 49
10 25
10 24
12 41
9 33
30 41
5 44
5 19
16 22
40 49
18 20
7 38
5 40
45 46
15 34
10 50
6 18
6 27
30 47
7 26
42 55
46 48
18 39
33 51
45 48
4 12
41 49
18 33
27
2 2
2 2
2 3
1 2
1 2
1 3
1 2
2 2
1 3
3 3
1 3
3 3
1 3
1 3
2 3
1 2
3 3
1 2
1 2
2 2
1 1
1 1
3 3
2 3
3 3
3 3
1 2
60
16 63
26 79
21 83
29 39
43 79
39 87
6 59
18 47
33 69
35 38
60 89
23 35
37 62
80 85
53 57
6 70
29 49
42 84
23 49
60 81
78 88
4 10
47 56
12 43
58 81
57 68
14 73
20 79
7 8
32 64
35 81
2 40
19 85
66 82
6 63
36 83
45 83
63 87
34 40
2 7
53 75
36 80
2 21
28 77
8 42
24 88
48 76
61 71
66 75
39 69
15 80
6 33
52 82
1 48
8 24
10 71
15 61
57 67
55 62
2 17
82
5 94
8 71
12 27
5 40
8 63
45 55
84 87
11 71
44 45
61 93
9 77
20 39
15 68
2 44
21 74
14 71
42 78
5 21
24 52
13 42
31 86
13 67
36 72
15 24
17 79
76 88
92 93
5 25
24 60
49 78
20 97
73 91
11 61
13 75
17 34
25 62
1 89
72 75
25 98
3 87
13 61
5 90
13 54
10 14
36 56
31 92
75 83
4 36
78 91
25 47
69 94
85 92
57 60
65 79
52 56
66 81
13 69
64 71
78 81
15 78
34 68
7 45
46 49
40 41
24 86
16 63
48 54
9 11
8 71
61 87
23 69
28 33
38 96
18 94
70 72
4 32
38 75
10 85
19 47
24 43
34 86
56 85
84
11 24
32 48
35 41
7 24
4 29
42 42
37 42
4 33
32 36
42 45
21 48
5 8
21 42
44 49
20 26
30 49
2 30
28 44
17 36
17 45
8 41
27 36
1 40
10 34
4 27
24 27
24 33
33 44
25 26
44 45
4 45
7 26
5 26
42 50
16 40
31 37
22 25
9 25
13 20
10 39
24 36
14 49
18 46
44 45
24 41
29 38
15 35
10 35
19 36
2 8
3 38
27 40
11 49
3 24
12 20
12 43
26 49
16 44
23 40
10 48
30 49
16 26
12 13
25 33
28 47
40 49
17 32
27 28
31 32
1 1
14 44
42 46
41 41
10 16
19 30
11 13
19 41
26 31
2 2
13 49
4 32
48 49
28 37
18 25
9
21 45
12 37
13 76
30 77
37 71
10 34
8 12
17 38
25 56
30
12 34
12 25
28 34
30 30
5 38
8 23
18 37
23 33
10 37
24 37
30 38
3 18
15 35
23 37
11 20
12 32
1 23
34 34
3 7
6 25
7 9
3 29
13 23
35 38
22 36
14 29
16 35
10 24
22 30
27 32
25
39 42
14 56
5 42
18 53
3 41
10 23
9 18
39 44
38 52
11 57
9 32
55 58
23 48
4 34
2 19
31 60
44 46
50 54
24 46
5 6
18 50
6 29
11 26
2 46
3 58
18
6 54
30 46
16 45
5 50
10 47
28 40
3 17
37 44
34 42
16 24
12 47
8 17
19 51
18 36
38 49
25 49
33 43
4 24
90
7 32
6 10
17 25
8 17
19 28
3 20
2 13
10 36
13 23
30 31
15 26
10 11
20 26
5 31
19 20
29 31
26 36
1 13
30 32
20 27
37 37
9 12
16 22
21 28
7 14
22 35
18 22
10 15
10 14
7 8
1 10
35 36
14 14
7 26
23 24
23 33
19 23
16 35
3 33
7 9
19 25
5 8
17 19
19 28
5 8
13 18
20 26
30 34
17 18
3 3
4 13
4 26
1 31
33 34
18 33
4 35
27 37
2 18
6 36
23 29
3 35
9 22
1 1
18 18
34 35
15 20
10 23
18 33
23 29
13 34
10 32
9 31
11 21
4 4
9 26
10 26
2 18
2 10
6 34
19 30
17 18
6 22
2 17
3 23
8 14
14 17
8 22
3 6
6 32
18 24
48
1 2
4 4
1 2
3 5
2 4
1 4
1 5
3 4
1 2
2 3
2 3
4 4
1 1
2 3
1 5
1 1
1 2
3 4
3 4
2 3
4 5
2 3
3 4
4 5
1 4
3 3
3 4
1 1
1 4
3 5
1 2
2 5
1 3
1 2
3 4
1 2
2 3
1 1
1 1
2 4
2 4
2 4
2 4
2 2
1 4
1 5
2 3
3 5
29
16 28
20 52
8 33
29 48
16 32
40 47
20 30
10 20
41 51
5 6
42 45
2 14
1 3
5 34
13 26
3 32
29 33
15 30
12 25
28 43
3 8
1 21
17 40
4 11
16 47
4 9
17 42
18 50
23 30
35
40 47
4 79
6 56
3 63
58 86
86 97
7 45
53 65
20 53
39 64
3 17
59 98
4 75
26 67
32 79
8 78
19 84
23 79
38 42
23 24
7 99
5 21
51 74
2 69
7 93
65 94
21 61
53 96
18 64
22 94
27 96
14 72
11 52
36 47
58 91
25
60 62
63 64
18 81
30 33
37 69
71 81
49 57
15 22
71 76
39 86
36 63
8 19
19 75
31 55
52 71
21 90
38 60
32 55
49 61
33 87
14 77
21 41
62 75
11 86
49 53
64
65 89
13 76
63 83
36 54
27 52
31 94
36 36
48 86
53 69
25 95
46 47
26 78
19 23
87 92
1 36
61 66
29 70
43 91
1 58
11 28
26 28
42 60
32 58
12 15
2 11
40 44
54 62
27 70
15 84
66 84
31 51
51 76
6 94
63 72
1 91
23 70
13 27
79 81
42 90
1 43
3 37
53 84
3 12
27 83
26 92
71 76
24 28
33 57
19 30
14 92
30 63
34 53
17 76
22 36
9 36
8 61
49 72
60 71
60 87
58 83
33 83
12 63
21 53
41 71
3
23 62
34 65
49 64
94
1 1
1 1
1 1
1 1
1 1
1 1
1 1
1 1
1 1
1 1
1 1
1 1
1 1
1 1
1 1
1 1
1 1
1 1
1 1
1 1
1 1
1 1
1 1
1 1
1 1
1 1
1 1
1 1
1 1
1 1
1 1
1 1
1 1
1 1
1 1
1 1
1 1
1 1
1 1
1 1
1 1
1 1
1 1
1 1
1 1
1 1
1 1
1 1
1 1
1 1
1 1
1 1
1 1
1 1
1 1
1 1
1 1
1 1
1 1
1 1
1 1
1 1
1 1
1 1
1 1
1 1
1 1
1 1
1 1
1 1
1 1
1 1
1 1
1 1
1 1
1 1
1 1
1 1
1 1
1 1
1 1
1 1
1 1
1 1
1 1
1 1
1 1
1 1
1 1
1 1
1 1
1 1
1 1
1 1
65
13 37
26 38
2 36
21 38
5 38
11 23
16 35
19 28
18 33
13 20
18 22
20 37
3 6
16 34
17 33
30 35
21 25
15 23
20 35
12 17
22 24
18 31
18 29
28 38
1 2
9 15
5 18
16 34
27 40
31 32
17 36
8 13
1 27
13 22
13 25
29 37
11 39
6 27
20 34
17 21
25 26
3 27
20 30
10 29
32 38
12 25
9 25
9 33
3 6
13 16
31 33
4 29
1 3
7 22
23 26
11 34
8 20
6 37
15 31
17 21
7 20
5 7
4 29
7 39
20 35
15
11 12
5 7
6 17
8 12
12 16
1 10
2 2
10 17
8 9
1 9
7 9
8 17
5 5
1 12
5 14
24
17 39
6 7
1 15
6 43
40 48
20 23
21 22
8 47
5 10
21 40
26 33
15 48
10 38
6 35
26 30
34 44
18 41
21 50
6 43
3 26
34 48
4 27
19 34
3 31
41
20 43
8 61
17 65
23 73
53 75
27 64
22 43
29 42
42 61
36 69
14 44
15 16
48 62
1 27
17 42
13 51
9 58
51 73
51 70
29 73
1 69
17 36
22 22
54 63
8 15
57 73
35 49
59 64
35 41
10 28
8 61
40 68
20 37
43 71
8 17
24 53
17 18
16 65
15 44
4 22
35 37
22
23 42
5 50
35 48
24 29
57 60
65 65
6 48
20 48
36 66
41 55
36 64
14 22
27 64
5 27
34 37
26 31
46 46
12 35
25 34
6 52
24 41
1 47
88
1 2
1 2
2 2
1 2
2 2
2 2
2 2
1 2
1 2
1 2
1 1
1 1
1 1
1 2
2 2
1 1
1 2
1 1
1 2
1 2
2 2
1 1
2 2
1 2
1 1
1 1
1 1
1 2
1 1
1 2
2 2
1 1
1 2
1 2
1 1
1 2
1 1
2 2
1 1
1 1
1 1
1 2
1 1
2 2
1 1
2 2
2 2
1 2
1 2
1 1
1 2
2 2
1 2
1 2
1 2
1 2
1 2
1 2
1 1
1 2
1 1
2 2
1 2
2 2
2 2
2 2
1 1
1 2
2 2
1 2
1 2
1 2
1 2
1 2
1 2
2 2
1 1
1 1
2 2
1 2
2 2
2 2
1 2
1 1
1 2
1 2
1 2
1 2
7
15 27
13 14
9 25
10 13
15 15
3 19
5 26
11
22 25
7 14
12 19
25 25
21 23
5 22
12 17
22 25
9 23
6 9
6 19
66
2 53
58 87
3 68
35 50
55 61
48 57
13 69
81 86
36 87
62 68
3 84
15 70
11 78
30 83
17 38
53 63
18 59
20 72
16 88
31 59
33 41
11 25
20 53
1 11
17 25
63 78
27 57
77 89
45 68
82 82
16 84
11 44
26 36
33 45
3 37
35 53
39 77
1 45
8 21
11 37
32 89
20 61
17 47
19 61
25 62
15 18
20 39
74 81
7 87
10 16
31 33
44 72
51 69
72 89
20 45
51 88
5 58
21 32
12 15
1 82
35 58
70 73
60 77
46 56
34 56
51 55
15
4 62
32 33
21 43
69 92
73 73
17 19
34 75
48 77
23 37
27 34
2 35
43 96
64 87
83 88
1 14
36
31 43
9 25
14 28
16 63
27 35
10 54
4 36
23 36
21 26
37 49
21 23
6 61
34 68
71 74
20 57
48 51
24 34
14 75
16 38
2 64
27 32
39 74
11 35
37 61
11 32
31 51
32 56
42 68
49 63
41 45
13 21
20 45
23 72
58 60
36 64
15 49
69
16 17
7 13
8 17
8 8
3 8
3 22
9 10
2 7
5 19
18 20
10 23
10 24
15 16
8 23
2 22
11 19
2 5
13 15
1 22
1 20
15 17
17 22
20 24
18 20
5 6
14 15
3 13
11 17
15 20
18 21
4 13
8 23
6 13
6 21
3 16
6 19
6 19
3 22
7 20
12 17
16 22
3 19
3 11
21 22
14 17
10 20
1 18
19 23
5 15
5 7
2 23
17 20
19 21
3 9
6 18
6 22
7 24
8 9
4 10
2 22
9 24
3 13
16 24
1 20
14 21
3 4
11 23
11 16
6 24
70
14 39
9 16
3 48
19 49
7 13
32 33
1 41
30 41
37 49
45 52
11 15
2 40
33 52
7 16
11 12
36 50
24 39
3 16
22 28
10 41
28 42
4 15
14 31
31 50
12 20
9 33
22 34
5 48
12 50
23 53
5 33
17 29
3 7
31 44
15 40
3 29
6 13
27 43
5 36
8 34
24 40
32 43
18 22
16 36
17 20
8 25
29 53
36 42
12 35
4 36
6 38
9 51
11 38
9 33
16 42
52 54
28 42
16 46
36 38
7 39
3 31
42 47
14 46
12 28
25 32
47 50
37 55
35 45
37 40
10 54
41
21 26
4 24
2 20
4 21
10 21
18 23
22 23
3 28
11 28
6 16
17 22
4 8
8 12
6 20
7 10
24 24
20 22
5 10
13 21
1 17
5 5
16 26
10 20
16 22
2 8
1 19
11 18
14 25
2 26
4 24
3 28
17 18
18 27
1 21
10 29
14 22
8 26
3 16
17 18
17 29
12 18
75
17 37
9 43
28 52
14 42
7 29
30 52
43 50
4 20
17 42
7 35
26 32
47 53
30 53
9 13
4 33
2 49
11 41
23 24
9 25
37 40
2 11
31 36
42 47
34 34
3 27
15 55
3 34
13 33
8 18
45 50
12 34
39 43
10 31
7 55
5 44
39 48
6 41
23 33
2 47
36 53
15 39
18 51
4 50
22 50
2 26
16 55
46 46
21 38
42 45
20 34
3 20
26 47
49 50
11 41
8 37
22 51
4 34
37 55
36 53
3 54
6 49
39 54
23 38
24 47
12 53
2 18
1 15
10 37
8 20
23 31
15 31
13 48
13 34
16 31
6 35
2
5 16
2 71
35
12 35
39 67
20 54
8 36
41 72
2 30
32 71
1 60
25 70
61 73
60 70
8 37
27 50
28 30
38 44
6 55
26 73
18 45
2 28
57 68
59 73
6 22
31 58
7 56
52 56
13 18
25 50
2 50
51 54
8 19
14 68
18 50
63 68
15 40
21 69
86
25 67
28 38
8 56
29 58
25 48
21 30
34 52
63 65
5 64
15 20
5 58
7 50
1 62
17 47
54 58
15 24
11 54
11 59
49 67
39 64
23 59
6 26
24 60
18 64
37 49
16 41
40 40
40 57
19 51
6 41
6 46
6 9
57 64
6 19
57 63
19 35
44 66
8 58
8 17
3 5
37 57
43 46
26 32
10 35
51 58
6 50
5 53
14 59
19 32
14 14
32 38
53 65
26 55
42 61
13 65
19 45
37 51
10 64
2 48
19 52
18 38
7 41
20 23
32 58
1 46
4 55
10 18
41 52
23 51
27 52
21 65
3 48
16 57
7 8
25 63
9 51
15 60
24 32
5 34
22 51
42 67
27 39
9 29
11 31
12 37
9 15
24
3 12
8 17
1 24
18 28
20 31
12 24
9 10
32 32
8 31
8 26
4 17
33 35
28 29
13 17
15 27
4 19
12 33
21 35
12 16
12 22
3 16
24 25
12 20
20 36
99
51 77
29 47
5 44
16 82
14 70
7 51
68 77
3 56
73 75
3 7
6 71
16 44
14 32
11 49
24 70
30 66
78 80
14 82
16 40
14 56
2 23
26 72
16 82
5 74
73 80
10 61
6 54
37 76
44 67
50 56
71 82
38 65
55 78
37 63
70 79
9 71
21 35
37 62
33 52
25 44
51 54
2 56
27 81
12 13
41 64
28 68
25 63
12 60
74 79
14 65
22 72
10 55
33 59
8 46
1 9
33 55
37 62
8 27
34 42
20 78
7 22
4 25
32 37
30 64
30 77
12 19
18 69
28 77
19 76
4 22
1 39
66 76
23 76
29 73
13 67
8 26
19 51
12 53
4 75
33 83
14 71
5 54
81 82
1 20
5 76
42 80
37 43
35 62
54 62
48 67
9 66
5 56
59 67
57 65
56 61
15 48
68 69
55 71
56 69
31
11 26
9 24
11 12
20 25
4 25
16 25
6 12
5 14
11 29
17 18
6 9
21 23
8 17
24 28
10 28
9 21
1 28
10 25
3 20
6 29
15 15
18 23
12 27
11 23
11 29
1 28
8 13
21 24
13 15
11 14
6 16
48
6 36
37 44
36 55
3 6
21 28
12 54
6 17
35 38
8 26
9 15
29 38
2 13
6 15
13 16
12 56
17 19
33 54
21 46
31 51
15 44
12 26
28 39
7 23
22 57
7 32
4 29
27 30
16 24
31 36
37 48
28 47
6 52
34 43
7 14
20 27
38 42
14 38
52 58
20 56
16 52
5 44
23 55
7 12
42 47
17 35
4 23
21 55
30 48
20
3 5
8 11
10 11
1 14
4 13
1 3
2 11
10 15
5 8
2 8
1 9
2 11
3 15
9 11
5 6
10 10
7 12
9 10
10 13
2 15
83
4 30
33 39
4 62
4 43
18 43
27 51
24 58
16 27
8 30
21 35
21 36
27 51
12 57
14 16
7 53
5 34
41 57
4 56
44 47
59 59
24 25
20 46
10 45
36 51
39 54
10 23
13 49
22 59
10 43
35 47
39 60
19 54
17 20
46 58
2 42
27 55
1 38
46 46
17 47
21 32
9 54
19 28
24 40
19 40
12 31
1 29
17 48
20 62
1 35
36 57
43 49
41 62
24 44
6 22
53 60
4 24
44 52
20 20
13 59
36 44
6 36
10 51
27 51
23 50
28 43
6 58
29 56
46 51
4 35
30 54
16 56
34 38
5 53
17 55
28 48
51 58
3 61
38 49
23 30
7 55
1 3
30 60
41 56
57
19 80
53 74
32 34
34 59
59 77
4 23
26 44
20 38
1 9
53 56
37 74
52 54
13 45
19 46
34 37
35 73
46 53
6 28
4 77
40 71
62 62
23 74
5 14
15 62
16 34
7 70
41 71
33 63
1 53
8 81
35 71
7 44
36 71
12 31
51 76
21 55
15 30
37 79
30 58
47 51
10 39
56 82
36 79
32 52
32 36
61 70
23 24
58 76
8 14
7 8
29 58
8 61
45 59
44 76
14 34
40 45
13 54
41
1 2
1 7
2 3
1 3
1 1
2 3
2 7
5 6
2 6
5 5
1 3
2 3
5 5
1 7
3 7
1 6
2 3
3 6
1 2
1 2
1 3
3 5
5 6
3 3
5 7
6 7
1 4
1 2
2 3
3 5
2 4
1 2
4 6
4 6
2 4
5 7
1 5
2 7
2 6
2 4
7 7
35
5 18
10 27
9 23
3 22
7 28
6 14
17 27
2 2
2 29
4 14
2 9
16 17
16 30
23 28
6 30
4 9
24 27
6 24
11 19
18 18
1 17
5 15
16 17
11 28
6 11
6 15
13 22
12 23
7 7
1 6
9 12
2 27
27 29
7 21
9 30
27
15 40
53 72
7 59
14 17
34 68
22 37
3 72
19 25
58 86
3 79
8 47
67 76
40 66
7 83
17 83
6 27
23 58
4 22
20 22
35 55
48 79
63 83
14 50
20 87
12 79
11 14
30 80
24
29 56
15 35
12 55
49 49
2 52
7 31
11 41
5 20
9 25
9 26
11 23
44 56
3 32
51 57
25 36
7 31
39 45
37 41
15 49
25 28
9 17
19 47
51 57
39 40
49
8 20
15 19
2 3
9 22
4 11
7 8
8 18
11 15
10 13
10 13
12 22
2 11
13 21
1 15
10 12
19 23
15 20
14 15
11 12
1 14
2 17
1 14
1 19
2 9
4 22
11 19
4 12
7 16
3 15
6 11
3 6
5 16
12 14
8 18
2 18
8 11
15 20
5 10
13 15
11 13
5 16
8 8
8 21
1 18
5 22
2 23
4 22
17 18
4 18
92
3 3
5 5
10 14
1 1
6 22
11 12
16 22
14 23
4 21
16 24
1 17
1 14
7 19
4 11
13 19
16 18
13 23
2 20
12 24
2 5
1 12
9 17
2 7
6 22
10 21
13 18
19 21
10 20
13 14
17 22
15 24
8 12
13 19
5 13
6 7
7 9
10 17
11 15
15 20
24 24
5 8
9 20
19 23
3 7
4 8
19 23
19 19
10 23
5 14
3 3
12 12
1 22
15 20
8 11
10 24
2 9
4 11
2 20
3 5
4 20
6 6
2 24
3 16
21 23
1 8
20 23
4 15
16 17
5 16
2 6
15 19
10 14
5 9
3 9
11 22
4 9
20 21
8 11
22 23
7 7
15 21
10 18
10 11
1 7
17 18
12 24
13 17
9 17
2 12
4 18
1 21
4 20
79
24 31
9 45
7 30
10 47
41 52
16 41
41 51
38 51
31 32
8 39
15 16
27 32
20 51
13 31
30 31
26 45
18 53
27 34
25 27
1 49
17 22
17 56
11 41
38 56
20 25
7 24
19 34
13 55
11 37
43 51
40 52
21 40
1 54
22 31
27 31
32 54
14 31
15 32
9 13
14 17
5 16
34 40
22 39
30 42
1 33
1 36
3 52
21 49
3 35
13 54
9 51
29 40
4 49
1 38
36 56
1 55
40 41
5 16
7 45
30 39
9 45
23 41
12 27
17 54
5 55
14 51
23 49
25 37
2 10
9 9
10 37
4 47
6 50
48 56
21 50
22 39
29 30
7 25
7 55
47
21 24
1 14
14 21
7 22
6 23
7 19
21 24
9 22
2 6
20 24
10 21
10 15
17 24
8 15
21 22
3 11
19 20
10 24
7 21
4 8
11 15
2 22
3 12
5 10
1 9
18 24
9 22
1 6
7 24
13 13
3 7
23 23
17 22
23 24
7 11
3 21
13 16
16 23
3 24
11 20
1 11
14 21
11 21
2 19
3 24
6 14
5 6
9
11 25
13 14
20 29
6 12
10 22
13 29
6 28
27 30
16 27
96
6 28
61 86
2 45
42 43
30 54
64 72
13 32
19 49
3 67
30 49
18 65
18 55
9 85
2 84
20 23
47 85
28 57
44 72
34 63
25 40
4 65
12 87
17 77
60 79
65 84
16 36
33 82
2 66
5 62
24 67
63 84
70 87
1 7
40 70
63 70
55 67
46 53
34 54
25 46
1 41
16 65
52 58
24 30
28 35
13 67
38 51
32 75
36 81
32 81
8 71
62 63
25 84
27 78
5 72
5 14
54 88
28 84
19 23
33 57
11 46
8 45
7 24
15 35
47 87
6 27
5 64
29 68
59 71
18 40
7 30
30 44
40 60
33 58
58 65
2 80
46 75
63 74
52 78
20 26
12 22
7 16
51 85
32 44
33 37
38 47
2 43
43 78
17 75
47 75
48 51
13 42
16 69
8 86
5 17
9 80
14 15
16
4 4
11 11
7 13
7 7
7 12
1 7
7 14
2 7
5 6
9 15
4 9
10 10
2 15
10 13
11 15
9 14
41
11 55
13 27
38 87
16 24
20 28
28 34
46 57
51 54
50 53
20 79
23 61
10 63
2 14
27 45
62 84
5 37
49 85
39 87
62 82
12 13
23 68
39 68
22 35
18 32
21 75
30 37
15 32
38 39
46 83
62 64
33 78
37 66
15 29
21 56
1 9
31 33
4 69
9 36
48 62
53 55
16 22
82
36 53
58 73
68 83
50 60
9 41
17 88
41 89
45 67
55 82
5 66
20 78
57 82
7 41
42 56
9 59
3 17
24 52
16 60
28 82
28 36
7 31
71 86
5 25
79 86
53 79
7 53
6 39
8 26
9 67
26 68
39 42
33 62
2 56
40 84
46 68
28 77
37 77
19 41
6 10
51 89
13 21
21 23
19 46
27 30
56 76
23 57
60 90
25 47
54 87
8 17
7 26
47 62
29 83
1 66
26 34
15 55
35 39
20 40
69 80
9 64
66 87
19 49
27 59
43 80
54 59
42 50
60 65
12 57
77 88
20 84
34 66
10 13
31 49
20 86
3 81
39 46
31 58
57 57
8 25
8 41
21 66
3 82
91
2 4
3 4
1 1
1 5
1 3
1 2
2 3
1 4
5 5
4 5
5 5
2 2
1 5
2 3
1 4
2 4
1 3
1 1
5 5
3 4
4 5
5 5
2 4
1 2
1 5
1 2
2 3
2 2
3 4
1 5
4 5
1 5
2 3
1 3
2 5
4 5
1 5
2 5
1 3
2 4
2 3
1 3
1 4
4 5
4 4
4 5
2 4
5 5
4 4
2 3
4 5
2 5
1 4
2 5
3 3
2 3
2 5
2 4
1 2
1 1
4 5
4 5
1 5
3 5
2 4
1 4
1 2
2 3
3 3
3 4
1 2
1 3
3 5
5 5
3 5
5 5
1 4
5 5
4 5
4 5
3 4
2 4
1 5
1 4
2 4
3 4
2 3
1 4
4 5
2 3
2 4
37
4 39
13 25
22 43
19 45
17 44
6 16
1 11
20 29
7 47
8 31
28 35
13 21
15 15
18 37
41 42
23 42
19 33
7 36
19 33
31 36
8 46
8 20
27 35
28 41
26 37
27 39
17 18
11 38
27 32
7 25
2 47
1 32
15 46
18 18
1 47
32 33
30 46
41
72 73
4 20
33 69
41 53
1 65
18 51
62 71
46 66
15 72
48 62
23 42
16 47
20 61
7 15
12 39
22 24
10 43
6 25
59 61
30 50
31 61
28 43
4 19
15 18
2 46
6 24
36 72
18 23
13 23
17 61
25 40
9 18
17 66
7 35
4 20
49 69
7 50
18 69
10 16
68 70
45 59
91
13 82
3 5
11 82
4 57
4 57
9 22
22 47
61 81
20 55
28 45
27 65
55 72
54 74
62 67
53 63
50 50
52 75
29 54
13 62
41 74
18 56
38 58
40 75
10 75
35 50
31 77
18 65
41 71
19 54
23 53
19 81
28 28
26 82
44 56
12 50
62 73
27 30
35 69
17 25
22 34
26 60
52 77
6 9
16 19
27 72
38 63
21 46
6 71
58 61
24 70
29 59
1 58
1 75
57 82
16 31
31 78
2 56
18 63
10 81
33 76
24 26
10 69
46 56
12 20
32 81
16 83
11 83
29 51
26 73
44 63
12 13
68 74
8 14
41 63
5 73
10 68
19 54
15 53
20 74
62 74
56 72
23 33
26 62
55 73
3 52
14 15
44 64
38 77
7 34
11 51
20 62
36
1 36
22 24
20 33
22 31
12 60
32 42
29 63
12 53
28 44
44 47
3 60
8 16
7 26
26 58
3 50
35 36
50 54
4 59
15 23
18 33
1 27
55 59
5 61
23 42
22 48
6 49
16 21
22 56
46 50
45 46
16 37
19 21
7 12
23 27
27 55
42 51
84
17 23
11 20
1 24
5 6
4 20
31 34
5 27
8 40
9 22
17 19
3 34
15 32
3 25
3 14
9 25
6 31
1 16
2 17
8 8
11 21
6 19
23 33
24 33
14 33
14 31
3 8
16 34
14 40
16 28
6 36
11 33
25 27
18 20
1 18
13 27
28 37
11 21
20 34
13 25
18 18
13 15
18 23
31 38
22 26
19 39
21 23
21 39
7 39
8 19
16 37
12 35
22 34
5 7
8 11
17 29
21 36
29 38
18 27
20 31
10 12
10 24
30 32
23 39
1 20
27 38
9 29
14 22
20 23
18 30
7 31
3 6
2 27
19 32
11 13
9 16
10 13
4 39
21 32
11 34
13 31
34 38
11 32
7 14
22 25
36
3 4
2 4
1 2
2 2
2 4
1 4
4 4
3 3
1 4
1 1
2 3
2 2
4 4
2 3
1 4
1 2
1 3
1 2
2 3
2 4
4 4
1 3
3 4
1 3
1 4
2 3
3 4
2 4
2 3
3 3
3 4
3 4
1 2
4 4
2 3
1 2
100
3 29
5 31
19 32
21 26
2 8
10 23
9 21
22 30
19 32
10 29
8 16
26 34
9 20
4 28
24 28
31 32
27 28
1 11
26 26
1 6
15 33
28 31
26 31
15 15
17 32
13 33
32 32
6 12
17 24
8 11
5 21
7 21
6 15
5 32
7 11
5 13
9 33
4 14
1 2
18 32
24 26
18 23
22 30
3 4
18 27
13 22
2 30
1 34
5 17
6 31
18 23
9 21
27 31
24 27
16 32
32 32
5 15
20 26
18 30
4 18
13 33
8 31
1 4
9 25
8 22
4 21
3 13
5 24
22 33
5 5
2 11
2 15
25 29
15 16
25 26
3 34
4 24
19 32
1 7
22 22
8 22
25 34
11 22
13 17
9 17
19 21
27 30
8 25
25 30
14 23
13 21
10 25
16 17
16 30
3 17
12 17
15 19
3 20
3 32
19 19
17
14 24
3 5
8 21
10 18
6 19
12 22
9 14
4 8
1 9
5 18
10 19
10 23
6 7
1 12
16 21
10 12
15 15
3
19 44
1 42
25 32
52
32 54
1 12
30 64
64 66
19 58
8 30
25 42
32 37
33 44
15 22
3 26
5 68
49 68
20 25
27 39
23 70
25 50
54 70
7 57
45 58
3 42
10 65
41 60
20 46
28 67
34 53
13 55
61 64
17 66
24 32
46 59
11 46
40 43
9 24
53 66
10 35
2 71
44 58
17 42
13 21
27 71
9 39
1 53
43 46
33 66
19 22
55 67
22 46
53 54
46 62
50 71
24 65
61
24 42
4 24
5 42
7 9
7 32
13 29
15 25
2 35
31 39
25 37
14 29
2 40
16 39
31 34
7 31
30 39
20 29
25 27
24 33
23 33
10 21
28 35
19 26
22 29
3 6
7 26
8 9
15 38
5 24
17 22
13 35
8 20
32 33
4 39
14 28
26 27
10 30
11 12
28 31
25 25
25 32
7 24
13 32
12 19
18 35
9 25
24 39
21 27
13 16
19 23
5 35
2 21
6 12
25 33
14 34
8 41
5 37
25 31
6 17
26 28
9 33
58
4 6
2 11
2 3
10 12
3 11
5 6
1 2
1 11
5 6
5 9
1 1
6 12
4 9
2 11
7 7
1 10
4 11
6 12
1 12
7 9
1 12
1 12
1 4
3 10
1 3
2 5
5 8
3 11
1 5
4 12
4 7
9 10
3 12
6 7
1 3
4 12
3 8
4 12
11 11
9 11
1 2
8 8
7 10
3 10
1 10
2 8
3 5
9 11
3 6
4 6
8 9
1 4
9 10
8 12
4 7
3 7
10 10
7 8
28
10 16
16 45
3 41
18 35
3 15
17 30
1 1
37 53
43 45
40 57
6 27
35 44
14 60
53 60
19 51
19 29
3 58
36 60
35 45
34 37
50 59
59 59
43 51
19 36
24 25
31 50
24 51
6 56
57
1 9
4 10
3 3
1 5
8 9
4 6
3 7
7 10
6 7
5 8
7 9
3 6
5 6
2 3
2 2
3 11
2 10
3 11
2 3
4 8
6 11
2 11
1 7
6 7
11 11
1 9
3 4
3 9
3 7
8 9
4 11
1 5
7 10
11 11
1 10
6 7
5 6
4 4
10 11
8 11
8 9
2 8
8 8
3 8
5 11
1 8
1 3
10 10
7 9
3 10
2 8
7 11
6 10
4 6
8 9
5 6
5 10
94
2 4
2 3
3 4
3 4
1 3
3 4
1 3
1 4
2 3
3 4
1 3
2 4
3 3
3 3
1 3
2 4
1 3
3 3
2 2
1 2
3 4
2 4
2 2
3 4
3 3
1 2
3 3
1 2
1 3
1 4
2 2
1 2
3 4
2 4
4 4
3 3
2 4
3 3
1 1
3 4
3 4
2 4
3 4
3 3
2 3
4 4
3 4
1 3
2 4
1 4
2 3
3 4
1 2
2 3
1 2
1 4
1 4
1 2
3 4
1 2
1 4
1 3
1 3
1 4
4 4
2 4
2 2
2 3
3 4
4 4
1 4
3 3
1 4
1 4
1 2
2 2
2 4
1 2
1 3
1 2
1 4
2 4
1 1
3 4
3 4
2 3
1 3
1 3
1 4
1 3
1 4
3 4
1 3
1 3
76
52 83
20 40
21 74
31 42
39 42
10 49
56 58
51 73
90 93
29 39
22 45
18 75
76 81
8 36
64 73
13 20
52 62
37 83
30 67
29 69
13 38
22 70
1 70
49 91
64 75
36 85
15 25
10 10
43 90
17 58
22 29
77 82
18 79
15 69
4 84
3 81
9 40
38 70
26 78
35 48
5 70
29 40
47 82
38 78
53 89
16 43
24 81
2 64
42 70
32 77
64 71
17 33
9 73
52 57
32 86
12 35
49 60
48 63
2 6
31 88
58 73
8 43
3 9
12 42
76 88
54 72
11 58
37 68
17 27
47 92
8 17
77 81
48 56
29 57
53 59
15 49
13
3 37
32 36
15 76
27 64
24 35
22 73
18 61
14 37
10 70
28 61
32 45
50 52
24 75
42
64 64
49 58
41 80
21 83
39 46
72 76
2 65
5 44
26 29
4 37
8 69
62 65
21 25
69 80
36 56
28 34
14 69
5 7
2 23
19 60
9 32
10 37
10 72
6 30
11 42
25 79
41 86
49 57
12 43
31 68
59 78
15 83
19 41
4 55
12 14
28 44
22 64
23 45
49 51
44 52
68 84
31 36
90
1 28
32 33
9 16
4 23
13 36
8 33
37 39
21 23
29 35
30 35
6 40
29 42
19 40
15 33
6 31
6 23
4 15
15 37
19 32
23 29
10 16
11 30
3 43
31 33
16 34
10 31
5 38
1 29
1 13
10 25
31 39
16 37
1 42
10 43
20 33
5 24
3 29
8 24
2 32
11 27
5 12
9 14
7 35
1 11
26 35
14 21
13 28
4 42
28 33
5 9
9 28
6 37
13 30
17 31
20 36
14 40
20 31
29 40
11 41
32 37
1 15
7 27
28 40
4 30
29 34
5 37
10 11
22 40
14 31
6 20
7 33
29 38
1 34
7 11
31 38
4 37
2 38
14 21
41 42
17 26
21 25
11 35
22 33
23 27
20 42
18 25
19 24
24 38
1 1
24 27
75
20 23
77 90
22 40
44 71
28 57
28 56
60 62
33 53
28 54
28 67
26 80
22 76
38 86
54 62
78 89
18 32
62 83
57 84
10 32
26 50
53 89
20 68
62 76
14 34
26 61
13 42
12 80
50 86
37 50
21 35
14 89
52 60
6 18
15 90
40 79
11 39
55 78
40 58
2 50
15 37
24 57
36 49
8 45
44 85
56 67
40 54
43 53
48 75
71 90
9 21
1 20
55 60
27 59
5 18
19 80
14 54
37 65
44 49
5 19
49 74
71 88
23 89
35 51
33 83
41 86
65 87
22 34
51 81
17 23
8 12
24 36
25 34
73 88
68 78
39 88
64
3 58
4 30
27 28
12 65
26 51
2 31
11 52
54 64
34 38
65 75
39 42
68 78
47 66
55 65
25 29
2 56
11 31
9 63
39 74
41 73
51 55
54 74
48 66
37 55
1 54
39 49
47 78
26 32
32 45
16 21
23 60
42 54
34 36
2 24
27 61
63 64
33 57
37 50
24 25
24 56
24 30
46 76
23 54
18 28
54 75
65 70
18 43
51 58
12 30
10 74
57 70
22 72
60 65
9 72
5 15
16 66
62 71
44 62
4 9
10 13
2 3
26 52
4 76
22 25
48
10 21
7 18
1 23
11 14
3 9
6 25
20 22
16 27
5 21
17 24
12 14
8 26
8 23
14 27
1 15
5 26
1 8
16 20
1 2
3 19
16 26
8 21
13 24
6 9
17 26
2 17
12 27
7 24
13 23
9 23
14 27
21 24
14 26
14 16
7 16
4 5
1 12
8 24
2 21
14 18
4 19
19 23
4 9
26 26
21 23
9 11
4 9
5 11
37
17 39
4 40
18 43
9 41
28 41
8 30
2 27
21 29
13 29
24 28
19 21
5 26
10 41
21 42
24 37
31 34
16 37
3 33
11 35
5 7
14 33
15 37
15 41
12 43
9 15
5 43
24 34
10 30
6 9
1 27
16 29
1 32
10 28
9 18
14 40
9 25
2 37