90
5
1000000000000000000 1 1000000000000000000 1 1000000000000000000
6
1000000000000000000 1 1000000000000000000 1 1000000000000000000 1
1
1000000000000000000
3
1000000000000000000 1 1000000000000000000
3
1000000000000000000 2 1000000000000000000
5
1 693348225318125569 136035216772604874 228410014604897810 150855685137235969
2
517480302290995720 1
6
602276256129634302 1 932220552679522305 107187574611938126 279342737358995654 1
2
1 696447095548588322
10
1 997914380712226242 1 334864893834987762 716949582205419521 921214081994850305 935201125814186274 994232609516476760 1 1
10
815426125836320769 377068819262332082 991366948476664538 214264793917416542 768462919862869974 1 904957532079609582 103792129045412562 838620482702934017 672830187952144385
2
155453779546811734 363739943771570177
10
1 540431955284459521 1 199525891444572161 148391177253647362 919200020184170497 615330577615490370 1 1 337122195658821250
7
651192364978554754 594073385365405697 412378581976630194 592975953108739666 691377487174330852 82971018551099393 63711739134345217
9
926335344172072961 470381065587993114 1 843158694069303142 660854830672825116 414640886800411554 434607881446151938 957992948302086145 1
5
457552984410744958 1 721140755201735002 441218448291790849 102433686103679378
7
1 415939870396960290 862542440183776546 745649781161782994 753880190864064513 999144711446069249 656038493452500993
9
1 887769928278024730 171745131903331154 241161123044946354 113220876144461544 50236995962196418 1 749401954435795778 248237386264477697
7
218657774698233857 959488680267913022 159265470793908225 1 88517505084153474 644482164381368728 1
10
1 691922021297946625 568054949545132194 851282076557651038 885073686546421626 163367393687776966 93312242112873754 170848754025992226 892036441013025794 540051690949201890
5
1 266343545328051682 73275823319841148 179597164469441394 811853229269188609
1
79789825987809138
7
1 222052476950868162 476709747003752449 593328550650314753 1 447601066211278849 477604580627752986
1
1
2
1 408161584122953729
1
9411581988831233
8
764143092396451938 1 898851258837032048 1 1 386453698275525252 803019362993427462 802706104679841226
4
1 956208516671720834 787605318411485185 138876533538816001
10
829337408276462562 1 167613029645287425 849132496364922418 40860451535323137 345946608896876498 1 958608116927964226 141075001653074690 696921121885257729
10
265698728394104266 854277750134145025 78214521160113094 615446720215843730 656425477255024700 104544400946030194 968000434102530680 687832727326996340 793100536224965186 597296430234797066
2
682878657079083218 135182273109650082
7
1 739795635231260673 399366975343034369 1 945319289570809858 1 1
5
10315062868231052 540198321163752172 190400469306728706 23969235350032034 1
7
643290284657324590 295239676613458050 68065382855104792 966252928626177886 95651563157678874 1 916651096846630913
5
40774620290679702 1 817131468371001345 391299020349243393 364242151161170948
2
387931438626780586 1
7
604340255908167681 971423784032326394 346044926187133938 70486992104790778 1 884657679619750866 260204364768739329
7
692106076875735456 1 305672946302088674 32064604150693889 575403705367576866 1 88281136754263234
7
176919392368459777 1 1 1 151919224347132614 872036890974355457 255011368353499888
9
1 231800468783497217 427475065087878290 275311639708033244 795951173315067905 460788993028399066 1 711676394285696426 1
3
511116709525899142 689063140079697921 708423713659289601
6
1 149247814406766593 323112573008084993 848215219528455026 258209343924343906 78378917984468993
3
297536738874884097 245831808755080074 741095000706309132
2
10747713174569298 1
6
266852906941380738 1 356522042758529025 190567342795369802 493134491390574593 13761638175984306
3
461178962717677688 810593803581966506 556422465125190634
5
1 1 1 838184367263842305 364830825224062930
10
39017727280252674 464014858216667378 632890659671638017 811853229269188609 781964206876718466 972445070930910306 538533760690497400 1 34661289178693633 1
1
996321884167208961
8
806528366925441666 1 1 78378917984468993 1 471922516764313986 459223893948351574 307040019705073614
10
964570244029776754 110747006837981185 247381478233214372 912343834710769665 359628631077339130 1 656038493452500993 1 390771393332918850 879743130428506113
6
756716291640177546 297782084717276162 1 542097550894410018 1 164648683381990642
4
1 947098170060963841 679972450461024257 92155219684360193
2
568404505060704257 1
5
1 140028368274587649 871761906316448546 96536150585901057 507028869157065994
6
73664655827927041 363148009823646230 139313760207517434 903880587447369729 249901529622214186 23617796889609784
1
121971979868519290
7
1 667738041193332737 620266192707518465 5234458082849410 386456896686522369 755369461578698546 1
7
371967967261619522 665223669615558482 702078752399328994 400385549886754812 540630220721618945 865359064845844960 749754260452135122
7
1 268165613138790110 540838955305140225 979716282010566657 1 394993104075795682 806474682903887586
8
766511438286801762 1 35394926478613122 507178370136020978 169171864401739777 1 730580587846947394 405926614634594305
7
481826239950880769 476709747003752449 915421919658901505 606176369599307706 986817460833791674 181263985952811058 221280059931644218
7
793580195249838590 506545197182940866 391988564127496002 1 903492879412878050 527676037888853802 1
4
926335344172072961 1 559087771150819952 151904885974668658
6
983923568931380146 1 881727252883825056 315591614705347410 1 707816318332867518
8
1 632459313462640641 6949231644901377 981896047137788742 1 88174693653870296 79257567593430594 923781651604439041
7
115833175286953866 51837806801584129 499739926626355866 840174730037966316 214849241276043346 1 401962421766324225
1
357362513708155810
7
775573575153647352 547484769057570114 58971900829486010 112137629402127794 150094736145861304 785434279676215297 619788415149099776
10
151799600446212170 1 828374948892128738 356874621886019650 695710590969577473 72267142464246834 987812448999491350 908166218982793866 549781543442500608 669112410688060290
8
738929068939863458 740585368766687506 130228675777792610 1 512132293404902742 1 1 958460379450258450
7
1 783481413152142536 397312329433265680 584968212993996962 1 154825873266850538 787852070651385706
1
657345985167235570
2
964721272269307905 235719386278818746
10
1 1 36582304817872897 1 695210544777396225 1 878186990348597714 127694204154657842 667738041193332737 944581342062012534
4
1 1 739795635231260673 842522128023904094
7
31598907950104577 1 412664531277074470 268302292718906684 1 331151802115158914 576052108166725914
4
237865296456056833 664239102902905234 927942405962072065 1
7
575981892121093858 439542572533886868 1 189651823379897290 949920997339824129 115514808233216748 1
1
428315836597057394
7
646978676603256450 366266224868589569 57799591474457186 159810539214139174 238412838494149378 440653974572283778 1
6
549199190574042216 268164482625570260 391386181254146842 1 644345418889560065 133833634150022394
5
1 1 1 1 1
1
658535193788022785
1
761906872479068162
8
505051587914270522 1 1 72371547887108097 97559481137432044 112936686866993970 284866207944806632 174625979235759730
9
308159258298461596 229222026596584048 581231397168057672 640057631357261106 1 639233768802812770 267257800610712532 275513328359178241 859971631725412353
2
1 13522088083290962
2
380380361262891009 1
7
337003378703597569 309008905760145409 894501232010791202 143821584211010242 568824016432433240 909277483726127930 1