20
85 1428
35 3 27 28 54 65 16 36 63 98 19 73 67 90 86 30 49 78 48 13 22 37 42 21 39 55 15 50 36 64 51 52 58 5 88 98 95 51 35 97 87 6 10 88 70 16 77 74 46 61 89 57 33 65 49 38 12 29 73 63 75 64 85 75 86 22 55 57 86 88 85 1 21 98 80 71 53 49 95 76 60 30 14 38 49
99 5078
22 29 3 13 55 92 65 87 32 74 72 65 83 31 58 10 95 57 53 94 72 3 97 90 61 45 51 41 83 55 93 72 70 98 63 14 49 38 3 6 88 31 29 21 95 48 12 6 76 90 80 27 88 27 48 43 30 43 26 16 91 71 73 16 42 63 32 33 75 64 57 17 1 69 49 58 8 34 9 68 97 46 99 71 70 12 57 80 35 3 94 71 37 37 41 90 65 16 43
93 1781
47 93 48 92 25 19 19 51 45 76 16 48 22 96 82 85 78 45 40 12 35 75 68 53 57 10 72 71 27 17 22 14 64 55 30 55 53 67 54 69 81 53 57 98 19 66 94 5 48 69 56 32 44 67 51 95 18 58 54 82 89 73 70 60 79 95 40 49 78 36 16 89 76 57 8 45 2 65 1 35 84 59 85 59 38 33 14 1 54 60 66 48 65
94 3330
90 6 9 72 75 62 45 42 55 74 10 52 48 3 34 69 92 17 15 90 99 77 45 95 89 55 30 34 76 30 60 3 52 19 99 0 91 62 10 99 74 61 58 44 37 3 30 77 24 47 19 51 49 19 92 70 78 10 6 83 87 59 26 71 84 44 36 96 5 46 99 99 3 54 11 81 86 4 23 70 6 60 37 56 49 97 33 61 14 79 52 54 27 51
91 2726
39 74 52 68 68 92 0 29 7 91 40 18 50 16 89 31 42 9 84 94 44 2 24 48 27 79 42 61 26 89 47 45 45 3 4 84 42 42 81 51 78 27 15 91 11 87 18 5 64 72 15 1 16 39 68 45 11 60 14 3 20 87 38 35 70 32 4 26 24 82 8 83 47 95 86 70 15 16 81 40 67 23 46 51 43 54 12 74 24 57 82
75 383
74 16 2 44 81 77 8 41 96 78 70 62 66 83 85 50 69 85 28 82 50 56 42 44 45 59 72 7 47 4 77 65 72 21 33 53 36 10 84 14 4 76 48 29 14 60 69 25 35 47 96 37 31 6 4 65 44 78 98 70 24 61 17 8 61 35 81 50 32 89 82 30 17 10 40
82 2075
38 72 0 6 25 81 74 91 68 0 93 86 43 13 28 92 28 29 72 1 78 28 17 8 7 28 17 21 44 83 19 37 23 81 20 84 50 99 79 67 24 76 52 58 54 96 22 91 21 71 64 51 1 60 92 89 56 70 26 71 27 53 64 64 90 98 64 16 81 0 33 28 69 19 70 2 28 82 74 77 76 28
77 1962
1 15 62 49 9 77 69 69 23 51 25 99 59 54 59 35 61 15 11 90 24 51 38 63 32 71 37 61 26 80 48 84 44 54 97 34 94 13 58 94 57 41 18 53 97 3 56 22 29 88 88 69 38 72 78 91 7 83 17 61 40 46 1 35 95 37 43 49 52 18 75 5 6 87 72 47 86
100 2505
28 39 43 53 13 16 5 49 35 98 82 7 33 50 40 82 59 49 35 38 85 48 9 87 85 39 91 60 41 79 42 89 34 80 54 23 69 83 14 88 48 24 62 22 91 44 59 52 2 66 27 60 45 50 98 84 43 45 12 29 94 42 3 7 27 37 19 40 12 22 62 85 1 10 54 52 9 63 11 72 14 27 6 4 93 38 64 32 45 23 68 69 7 21 59 30 69 25 21 4
79 1805
47 99 42 20 91 60 15 70 41 19 57 50 48 38 13 79 14 92 14 71 0 52 1 14 48 60 36 39 36 41 71 81 22 8 23 86 48 21 50 59 12 48 47 39 14 22 28 74 68 89 27 46 59 5 61 29 14 50 52 23 17 86 60 51 93 85 81 92 38 42 12 12 5 82 78 38 94 4 35
5 0
42 82 64 69 86
20 20
30 40 50 96 81 98 13 85 25 99 42 98 72 92 22 72 84 22 24 69
3 70
15 93 35
1 69
17
9 213
11 42 73 19 84 93 21 29 56
15 0
26 95 42 84 90 36 76 79 40 7 56 90 66 84 45
12 99
0 0 0 0 0 0 0 0 0 0 0 0
16 12
0 0 0 0 0 0 0 0 0 0 0 0 0 0 0 0
5 88
1 44 10 51 51
5 89
51 10 44 1 51